14.13472514173469379045725
21.02203963877155499262848
25.01085758014568876321379
30.4248761258595132103119
32.93506158773918969066237
37.58617815882567125721776
40.91871901214749518739813
43.32707328091499951949612
48.00515088116715972794247
49.77383247767230218191678
52.9703214777144606441473
56.44624769706339480436776
59.34704400260235307965365
60.8317785246098098442599
65.11254404808160666087505
67.07981052949417371447883
69.54640171117397925292686
72.06715767448190758252211
75.70469069908393316832692
77.14484006887480537268266
79.33737502024936792276359
82.91038085408603018316484
84.73549298051705010573531
87.42527461312522940653167
88.80911120763446542368235
92.49189927055848429625973
94.65134404051988696659793
95.87063422824530975874103
98.83119421819369223332442
101.3178510057313912287854
103.7255380404783394163984
105.4466230523260944936708
107.1686111842764075151234
111.0295355431696745246564
111.8746591769926370856121
114.3202209154527127658909
116.2266803208575543821608
118.7907828659762173229791
121.3701250024206459189455
122.9468292935525882008175
124.256818554345767184732
127.5166838795964951242793
129.578704199956050985768
131.0876885309326567235664
133.4977372029975864501305
134.7565097533738713313261
138.1160420545334432001916
139.73620895212138895045
141.1237074040211237619404
143.1118458076206327394051
146.0009824867655185474025
147.4227653425596020495212
150.0535204207848803514325
150.9252576122414667618525
153.0246938111988961982565
156.1129092942378675697502
157.5975918175940598875305
158.849988171420498724175
161.1889641375960275194373
163.030709687181987243311
165.5370691879004188300389
167.1844399781745134409578
169.0945154155688214895059
169.9119764794116989666998
173.4115365195915529598461
174.7541915233657258133788
176.4414342977104188888926
178.3774077760999772858309
179.91648402025699613934
182.207078484366461915407
184.8744678483875088009606
185.5987836777074714665277
187.2289225835018519916415
189.4161586560169370848523
192.0266563607137865472836
193.0797266038457040474022
195.2653966795292353214632
196.8764818409583169486223
198.0153096762519124249199
201.2647519437037887330161
202.4935945141405342776867
204.1896718031045543307164
205.3946972021632860252124
207.906258887806209861502
209.5765097168562598528356
211.6908625953653075639075
213.3479193597126661906391
214.5470447834914232229442
216.1695385082637002658696
219.0675963490213789856773
220.7149188393140033691156
221.4307055546933387320975
224.0070002546043352117289
224.9833246695822875037825
227.4214442796792913104614
229.3374133055253481077601
231.2501887004991647738062
231.9872352531802486037717
233.6934041789083006407045
236.5242296658162058024755
237.7698204809252040032366
239.5554775733276287402689
241.0491577962165864128379
242.8232719342226000168265
244.0708984970781582368165
247.136990074897499467551
248.1019900601484592567621
249.5736896447072091923298
251.0149477950160011429542
253.069986747999477194599
255.3062564549140227530865
256.3807136944344777893584
258.6104394915313682089831
259.8744069896780003506728
260.8050845045968701859312
263.5738939048701322330816
265.5578518388763202924773
266.6149737815010724957201
267.921915082824059440379
269.9704490239976025946935
271.4940556416449990181794
273.4596091884032870457143
275.5874926493438412487407
276.4520495031329386798873
278.2507435298419544927483
279.2292509277451892284099
282.4651147650520962330272
283.2111857332338674204938
284.8359639809047241331576
286.6674453630028842928476
287.9119205014221871552541
289.579854929218834152738
291.8462913290673958355131
293.5584341393562853567767
294.9653696192655421750664
295.5732548789582923884608
297.9792770619434152099297
299.8403260537213129600271
301.6493254621941836234701
302.6967495896069170517515
304.8643713408572977001488
305.7289126020368092892228
307.21949612817005478941
310.1094631467018988047862
311.1651415303560032709427
312.427801180600891980486
313.985285731158922979049
315.4756160894757338685961
317.7348059423701803956455
318.8531042563165979066892
321.1601343091135782919215
322.1445586724829322988374
323.466969557512050506212
324.8628660517396132649801
327.4439012619054573434693
329.0330716804809340336147
329.9532397282338663438921
331.4744675826634243756618
333.6453785248698505849617
334.2113548332443832324034
336.8418504283906847946548
338.3399928508066118862573
339.8582167253635401923266
341.0422611110465604825978
342.0548775103635854514038
344.6617029402523370441812
346.3478705660099473959365
347.2726775844204844757971
349.3162608706961441231556
350.408419349192099187672
351.8786490253592804367134
353.4889004887188067836038
356.0175749772649473179604
357.1513022520396248096029
357.9526851016322737551289
359.743754953114448799292
361.2893616958046503902913
363.3313305789738347473345
364.7360241140889937162621
366.2127102883313168610771
367.9935754817403033261833
368.9684380957343898915769
370.0509192121060003396512
373.0619283721128384491194
373.8648739109085697447564
375.8259127667393341079077
376.3240922306680521171908
378.436680249965479724091
379.8729753465323466510241
381.4844686171865249196625
383.4435294495364877043458
384.9561168148636871037516
385.861300845974229180562
387.2228902223879809759485
388.8461283542322546008094
391.4560835636380457705782
392.2450833395190967490152
393.427743844434025936699
395.5828700109937209708777
396.3818542225921869319995
397.9187362096142433869812
399.9851198761948995059173
401.8392286005332165399113
402.8619177638861141763154
404.2364418002080047402278
405.1343874599099272574863
407.581460386896182076309
408.947245502351112519634
410.5138691933666386467691
411.9722678042787506646403
413.2627360701850468862571
415.0188097551551156463192
415.4552149962945988571288
418.3877057895347792260457
419.8613648181523236878523
420.6438276250417862679747
422.0767100588267596298407
423.7165796274818186105629
425.0698824944613476143747
427.2088250840745805281429
428.1279140766166821103051
430.328745430938636669927
431.3013069307035920195051
432.1386417345885683062532
433.8892184809272253029466
436.1610064326469840718015
437.5816981676685811540132
438.621738656272196290915
439.9184422143706564102218
441.6831992011890238742044
442.9045463026094494697231
444.3193362775591559203057
446.8606226964295225288609
447.4417041944932900655269
449.1485456850233047530235
450.1269457803135240300458
451.4033084453887954621132
453.9867378066779160383668
454.9746837686167888753094
456.3284266892460512244998
457.9038930641029715746993
459.5134152811060117540099
460.0879444221758412553303
462.0653672748825309638309
464.0572869105482845762461
465.6715392113710945529666
466.5702869308262551673921
467.439046210261638856645
469.5360045591120321918191
470.7736554781016476901189
472.799174661908816658298
473.8352323451396870738055
475.6003393693757856054288
476.7690152374845208528487
478.0752637666709691998727
478.9421815346348265383171
481.8303393762865613666814
482.834782790982397306557
483.8514272124825375601882
485.5391481293560069300254
486.5287182616512443523675
488.3805670900174485271114
489.6617615779561315127809
491.3988215936630065692133
493.3144415817853009363606
493.9579978053694649095831
495.3588288221312774968341
496.4296962157591034839189
498.5807824296865420166751
500.3090849416904955393094
501.6044469651454776633325
502.2762703271182331753995
504.4997733134277371837913
505.4152317422444420295522
506.4641527095235312215261
508.8007003364678208094697
510.2642279436728344207795
511.5622897003745954604549
512.6231445314074186671013
513.6689855554736834362441
515.4350571672993772496769
517.589668572467425341358
518.2342231475501435738583
520.1063104117232559031961
521.5251934494920409677324
522.4566961777302104301444
523.9605308920158404870075
525.0773856872796221805912
527.9036416012723452296173
528.4062138522926589416089
529.806226318706900798164
530.8669178839610896443874
532.6881830282937305051264
533.7796307537687325654825
535.6643140758732246170461
537.0697590831223275883897
538.428526176247962843501
540.2131663762281333836457
540.6313902472951173601281
541.8474371212012815471191
544.3238901010052629031213
545.6368332489348182548554
547.0109120581222924636559
547.9316133644893383104512
549.4975675626613784599847
550.9700100394838890456572
552.0495722005648927925767
553.7649721191588146171498
555.7920205616825084165732
556.8994764068553512619642
557.564659172058528408524
559.3162370286821637609351
560.2408074972956682417933
562.5592076160458511081379
564.1608791107861178138795
564.506055938149835122246
566.6987876828079562415123
567.7317579011769374503347
568.9239551796293684967535
570.051114782463592038527
572.4199841324527640452769
573.614610526758129987246
575.0938860144948856074572
575.8072471409287807094293
577.0390034720982112166371
579.0988346720366074312844
580.1369593623846286727163
581.9465762659016255515061
583.2360882191672782619606
584.5617059034655283669459
585.9845632049883005741873
586.7427718912501556447719
588.1396632662479564175542
590.660397516765275631032
591.7258580650480566492224
592.5713583002255698207727
593.9747146822310292438052
595.7281536973889491770209
596.3627683283936840895791
598.4930773461647544010636
599.5456403643648539975154
601.6021367359326360517381
602.5791678863873542988227
603.625618903579160672244
604.6162184937532329146396
606.3834604221090410886743
608.4132173111873251751267
609.3895751547200805273239
610.8391629377394069267025
611.7742096208872046351684
613.5997786756371194051865
614.6462378722326215255531
615.5385633694070278534743
618.1128313664423733825402
619.1844825979536342490281
620.2728936722275219190856
621.7092945279486229572986
622.3750027397790092178815
624.2699000181778808347729
626.0192834276543821983362
627.2683968507830207519976
628.3258623594603619359438
630.4738874382920458706066
630.8057809271975326418717
632.2251411671159519521547
633.5468582522517774841971
635.5238003106054538105256
637.3971931598373071737481
637.9255139808225810934288
638.9279382668567701937727
640.6947946688256676231875
641.9454996657052945453785
643.2788837813978893611434
644.9905782297480025124437
646.3481915955015920338809
647.7617530042888837937668
648.7864008887824407710801
650.1975193452564590832539
650.6686838913959825305606
653.6495716053946919020869
654.3019205863193422754706
655.7094630223556363160267
656.9640845994606174228699
658.1756144186053997448798
659.6638459729641078311652
660.7167325952792700521589
662.2965864311004106443783
664.2446046522730134498903
665.3427630955990405427882
666.5151477041729605487751
667.1484948945554299410692
668.9758488202351314061923
670.3235852058625840344296
672.4581835841697341813651
673.043578286147645770131
674.3558978101231678961563
676.1396743636267482031781
677.2301806687639732478548
677.8004447462213349189388
679.7421978825282177195259
681.8949915331518891094524
682.6027350197505454875408
684.0135498138695052361941
684.9726298620984525457367
686.163223587727949603473
687.9615431847036484827963
689.3689413622723684232552
690.4747350323503976939431
692.4516844155208488498467
693.1769700606018248456231
694.5339086998731400156307
695.7263359209267301678014
696.6260699003456149709028
699.1320954760135067108162
700.2967391321434945680122
701.3017429546461556851739
702.2273431457605001194353
704.0338392955253093226531
705.1258139546192276668675
706.184654799517919025811
708.269070885109899995269
709.2295885702843007090347
711.1302741796854315654749
711.9002899143753120389151
712.7493834701012902546106
714.0827718206693930769245
716.112396454052110148182
717.4825697031001907144419
718.7427865454858939884492
719.697100988365665132691
721.3511622185364171283862
722.2775049756742373403761
723.8458210451284155116719
724.5626138903790795922462
727.0564032300493816176484
728.4054815889340600347444
728.7587497956142685661306
730.416482122756434709944
731.4173549185985250807494
732.8180527144998492085675
734.7896432523779942523125
735.7654592085783210769322
737.0529289122653080423105
738.5804211713738225217055
739.909523674041944029701
740.573807447295010515036
741.7573355729416732758612
743.8950131424736593815501
745.3449895506118743256405
746.499305899432329509605
747.6745636242695283595694
748.2427544650845478685033
750.6559503621242998668074
750.9663810666508372684584
752.8876215672023747495077
754.3223704717126726851031
755.8393089760378298727924
756.7682484399509307201332
758.1017292464125834114898
758.9002382248923747674354
760.2823669835120645318696
762.700033249691054728069
763.5930661728372229969732
764.3075227241802217362512
766.0875400998362053944225
767.2184721555395140824994
768.2814618065092308234567
769.6934072526244243250067
771.0708393136783163211872
772.9616175657570243378292
774.1177446279405074021419
775.047847096580508050017
775.9997119631714424777316
777.299748529592564816511
779.1570769491890040639245
780.3489250041816705381278
782.1376643908120947543177
782.5979439460735398661665
784.2888226124655014631461
785.7390897007150518406462
786.4611474505062774598968
787.4684638159100383814735
790.059092364119564294946
790.8316204679210350190829
792.4277076086045268663911
792.8886525626225880422428
794.4837918698931644813184
795.6065961561624126279126
797.2634700380355849161917
798.707570166296211309692
799.6543362108976327728269
801.6042464629820559666766
802.5419848784181496624171
803.2430962042701941902262
804.7622391126617639515958
805.8616356670948028368032
808.1518149359937473923559
809.1977833633007103877196
810.0818048864070998915247
811.1843588465062603378843
812.7711083891093427198013
814.0459136075109935019676
814.8705396258725677840197
816.7277377143947163165026
818.3806688663616765115868
819.204642170823862605824
820.721898443869287466431
821.713454133379401809876
822.1977574934042771435819
824.5262938716297481637665
826.0392873765743835480142
826.9058109540807719796645
828.3401743004899003705042
829.4370109683093336230476
830.8958840533174007300786
831.7997776590705830743246
833.0036409091541995383113
834.6519151478255758073453
836.6935761875918671688703
837.3473350595315147674864
838.2490219927321458365471
839.4653948102824755503103
841.0363898290134237244115
842.0413542065263713333677
844.1661966073507688213461
844.8059939757637268812848
846.1947699276939977636625
847.9717176395120066363276
848.4892811809435238248867
849.8622743486978262643447
850.6454484660040923782421
853.1631125833891553258395
854.0955117198690586200182
855.2867102444049363482284
856.4841174907916628540349
857.3107406026038260329642
858.9040264664756944128296
860.4106708960146707515941
861.1710982127153376059751
863.1897197719089342361101
864.3408239300695408556875
865.5946643265159653951069
866.4237399040426414629796
867.6931226117850062387685
868.6704942291315966678383
870.8469023257540162057953
872.1887508216132077558732
873.0989789712819814983254
873.90838923533753043963
875.9852851087803223743924
876.6008258330274423972431
877.6546983410334751440221
879.3809519697909824564618
880.8346488479393902830323
882.3866966271964612523847
883.4303318387016456845683
884.1987431145947269603843
885.2723044796171270511981
886.8528019629162983720333
888.4755666738171947737264
889.7352942940907370974122
890.8131321125280636861959
892.386433260155869341741
893.1191175672942583361755
894.8862923208687161421929
895.3979196747829650553969
896.6322515562027200335266
899.2215226683834193900956
899.8588846079374834442659
900.8497398605213961178246
902.2432075867522884616404
903.099674442630454946665
904.7029027222813207743241
905.8299407582222094048394
907.6567294689675253115567
908.3335436450609252807082
910.1863340571798425653526
911.2349514859555040925975
912.3310456000355872488072
912.8239992467433953779922
914.7300969583756133383752
916.3550008086427658914208
917.825377570426783026484
918.836535243529029571249
919.4483444396823047817651
921.1563955071548533673994
922.5006293066367702662453
923.2857198024222426739431
924.7734839334766644162465
926.5515527846030289415924
927.850858985753594147871
928.6636593289348922887563
929.8740928506477547771061
931.0092113366280729542762
931.8527407455200799216863
934.3853068372584647544145
934.9954248638464596176097
936.2286493792829272137187
937.5329257119703812729162
939.0243008992183821842184
939.6609406145281659856007
941.156999642042372607771
942.0523416433754978743899
944.1880358095727445119785
945.3335625030459461415422
946.7658422047278511567322
947.0791830962548779651195
948.3466462550449671666051
950.1516126846438408647468
951.0332487338235099744994
952.7279886198506260846675
954.129719269551415336758
954.8293089382166371195138
956.675479343289796023142
957.5100525964237224677288
958.414593390136180970004
959.4591688070681125609996
961.6695724741927533426687
963.1820866713114469971322
963.5670401916122706718621
965.0555796237511162249267
966.1107548184102040187246
967.3711537662628543151648
968.6363019060873264080899
970.1256105569411754792151
971.071491486385727940251
973.1853612943011942216491
973.8730789926535971942326
974.7746350658374298753032
976.1785024205896093441878
976.9172021170506220214173
978.766671535112974454023
980.578000639774418061339
981.2886153017589694593644
982.3964851687789784014102
983.5750760064313287555331
985.1869286557734357695286
986.130515110184526649374
986.7560084076560356217778
988.9926223706574066073662
990.2239178040279723629781
991.3742941477615054318634
992.7286963367326594436274
993.2145809574429537075231
994.4045905710944919000278
996.205336164298286483528
997.5119347519392292110298
998.8275471369296331305196
999.7915715574129404631631
1001.349482637782737122103
1002.404305488391711308159
1003.267808179453248257528
1004.675044121172894226133
1005.543420304378364196611
1008.00670430706364619814
1008.795709900742282345773
1009.806590746964629457282
1010.569757011061075898567
1012.410042515761596842853
1013.058638098408985072653
1014.689632622370404688146
1016.06017894264737813029
1017.266402364355406669715
1018.605572518620154950984
1019.912439743944038361672
1020.917475017263678316147
1021.544344499904651907124
1022.885270911716347826
1025.265724197727696366628
1025.707944371462889237728
1027.467693515587770273397
1028.12896425549751787767
1029.227297443961366731129
1030.897368790596523560727
1031.833180297407762541224
1032.812883035158851460651
1034.612915529520810066174
1036.195917358054740253983
1037.024707646281749750577
1038.087752240618836437347
1039.07740143689668872668
1040.264037937695760831153
1041.621528014542274154712
1043.62395434962149387045
1044.514975829078768114603
1045.10704235297791139065
1047.089817484294784221115
1047.987147489600471131322
1048.953785194685961633057
1049.99628425659321975563
1051.576571843205195795578
1053.245785158385757625611
1054.781039478281349906799
1055.002146475685736209353
1056.688847363828229857525
1057.100043659617783603061
1059.133769106897146229421
1060.139518561607819097239
1061.50130446506842006312
1062.915381507880563602453
1064.071551071718540425286
1065.12185510629305547858
1066.463223469242981943779
1067.418860120964558059345
1067.990000079042625467736
1070.535041996829262809353
1071.618623215089537904728
1072.543998011121555348783
1073.570353165093725437728
1074.747771044310998579294
1076.266625594177409865004
1076.924056065754446887585
1078.647198480956364694291
1079.809965429259069213572
1081.171002343467803785066
1082.952749723069668660792
1083.295466514085606768341
1084.183264310430216143164
1085.64783120863934071202
1086.911998989825093115566
1088.755724674808801471697
1089.795337924074774958424
1090.863191026248860785009
1091.728472966936828999399
1093.440873272368634680796
1094.284457523754159836339
1095.433084758661478689667
1096.401917794742528502149
1098.841015466649861787295
1099.360667178571795594617
1100.574460622462563218624
1101.839111168756013405011
1102.551779899917722746786
1103.732297174546935847596
1105.617188830762071517321
1106.774371675832775100917
1107.774531955010136933152
1109.158918856766451887805
1110.444142993613205803273
1111.443504764899896587418
1112.432995408076444580688
1113.397595114801993513614
1115.06535946156660567653
1116.787253881214524190633
1117.965919669199670945478
1118.684134861018390903878
1119.473247426178982901861
1121.155937675810569905373
1122.458621356880512254133
1123.101117387809200166664
1125.314729397846470079799
1125.763442429252559466444
1127.658023527215719230775
1128.430224613892711372106
1129.728996777065562175089
1130.391597896231670832011
1131.495085561917043222287
1133.70862566945623585141
1134.885654591533196430624
1135.562213975477545956522
1136.92929348096952978547
1138.151589779805540729234
1138.99234182049363589386
1140.721848171903359752655
1141.261022964136758329982
1142.858659607856481118499
1144.782299518625341877065
1145.485327517117106808017
1146.576814924866953406052
1147.5017765233193160913
1148.615277208834019003767
1149.982601028107097665449
1151.562814723673218149389
1152.943128530589795951639
1153.890303716271268026583
1154.697519535382382913171
1156.621567833872543410579
1157.432314575610906332865
1158.001609027294966145087
1159.480657019022297309405
1161.396644634378091498489
1162.487528602005427804018
1163.701031682778615587642
1164.73758635122760993462
1165.271227706457693605534
1166.943613409528712677106
1168.086271610138794297938
1169.698356884884906186469
1170.463638578283666041216
1172.120681865695599846401
1173.305687764048358727042
1174.232766856456302652064
1175.215452395950775247031
1176.632875809788458632994
1177.106304421656146949
1179.701223501933898032584
1180.653543787084385330874
1181.267318151680018959133
1182.582270346920390440041
1183.71277529597431534989
1185.15584284746579228302
1185.875358695356620012619
1187.345161493267309955547
1188.856444298229306788806
1189.963636497918443343749
1191.482605926413470865133
1192.218611478101545077892
1193.32402142745508027539
1193.857427135436991965941
1196.034671748671062232112
1197.071786658821966804479
1198.686569104630566476487
1199.356513707893968131881
1200.532692031219914310338
1201.81033485660604978646
1203.137350861425479452833
1203.855247594097002027003
1204.985492171466410715587
1206.870499793853068292138
1208.471459949531031462999
1208.989484167939025676653
1209.898030087545955753378
1211.416115892798123060479
1212.113153066319792624394
1213.598372680368218485135
1215.389975065045634269814
1216.183722033467416723773
1217.174482497738919039772
1219.050028177406163509277
1219.614471310858484310222
1220.816347690978131430685
1221.692242483143733211793
1222.952484095108358242564
1225.018330024168539197352
1225.855020760795715396661
1227.231827641490931924146
1227.917141614400044405946
1228.793154362981171769179
1230.584603154249275719502
1231.562273877645398164718
1232.529587040597895551034
1234.277816653431788048844
1235.502548526520997318717
1236.399017465778995865444
1237.977298513581145513426
1238.457232795661807116333
1239.490807146795754277705
1240.81347178521626689152
1243.07807639802111888152
1243.538146526114259980474
1244.851433966983858564582
1245.655866188147822478804
1247.372561969855643915704
1248.063061053208198685149
1249.159887953002983340583
1250.67239727567811715509
1251.659832004271221180038
1253.67357785210710201838
1254.431328421773449368517
1255.408230645290734638382
1256.181214198460866068256
1257.541219412644114426823
1258.779233488595053190671
1260.344548316185519868179
1261.611717161479839904325
1262.556614000356224342558
1263.6767328438617933304
1264.957223006999789287696
1266.17903776056206224283
1267.20034561184548922029
1267.570571779440223458644
1270.118921886492603925191
1271.134299631609991400292
1272.083959599332897422896
1273.261144633455752813727
1274.196220889480358828122
1275.092030315840457781671
1276.842171555569794685535
1277.76309198634682092061
1279.332843316708251394285
1280.155794409022930466591
1281.828726959699933928865
1283.000491386699676607703
1283.335032138879280600483
1284.854795154621657840431
1285.695023331138592774775
1287.410026617075316131673
1289.165351532773061481413
1290.104771519807337889522
1290.417708073042503662544
1291.945870968083198400458
1293.49398155741744506202
1294.11847437784835238611
1295.365363505358250254932
1296.801110992347291502194
1298.256527067889529432349
1299.405171250743978398316
1300.490018982447638393471
1301.495516680575058356356
1302.346742379246917920513
1303.273200228794143469156
1305.401672188004384663012
1306.508393312968836971734
1307.267242107802427097784
1308.988196517643387242108
1309.421532493255966673811
1311.056570511111896663932
1311.966940608049354868811
1313.031599369019664552443
1314.052565651726166193373
1316.21211260285404978029
1317.072986034829955001008
1318.17127913216505254858
1318.947880596566338336391
1319.931082877536473052035
1321.628138551912418057466
1322.258067123391157945194
1324.224978718844330913229
1325.237624358982335353497
1325.981969630446281223042
1327.635281108457449640352
1329.043517996518601239812
1329.205018785483634847618
1330.429937120459263182661
1331.827591385285217523542
1333.673522610284933270976
1334.747329051689776530339
1335.694974526002066589015
1336.690184653385871053535
1337.688791809669949603148
1338.923164598670349828982
1340.426400457300175789734
1341.166272252926387071935
1342.6085078837768613275
1344.156044003595790998204
1345.477106261398714427407
1345.731413255418407759007
1347.519471750899911107227
1348.017238018736410091624
1349.085194014047657980739
1351.296206374096718009838
1352.210465159175538379449
1353.483338358264576553756
1353.886781971696227684236
1355.680595320636491886858
1356.605655709807953919675
1357.771742828579464071801
1358.460160399159026437355
1360.39314476219115231209
1361.393074713639681698891
1363.022328603280756838543
1363.879190797134472437965
1364.57658489675397264128
1365.493733551295247265436
1367.104090970008230879955
1368.330193307985894894878
1369.686949077342916601034
1370.973522767783644045922
1371.68655355282739112883
1373.202914562373382103296
1374.15479865864064562652
1375.302392344748902154821
1376.161779993619352038765
1377.177633642104626322482
1379.683283028612926385772
1380.148578441692403063928
1381.073977149205634870657
1382.345662978473679887742
1383.297591007946474903317
1384.444415847760082973396
1385.663777011192686438874
1387.326647663489530605697
1387.921454127112797023169
1389.56583179839393719501
1390.705490286427665121515
1391.853200443269755384527
1392.644027788548648255831
1393.433401740793665026417
1394.884184675680354479029
1396.544163123682501770248
1397.834623321387224279315
1398.837675201385865233911
1399.839472941206481467054
1400.426946297394298261051
1402.564347250065993817191
1402.973747640919208050497
1404.006292170522757129441
1405.666975059246875092257
1407.085142776436486841204
1408.136307496189550754764
1409.320681079838957249711
1410.024810725802225833083
1411.257056815706623860024
1411.965653461773004284494
1413.843148788568852998798
1415.585784795495351208993
1415.781581303282910082772
1417.102822933822614755625
1418.696963852452165675233
1419.422480945995686465989
1420.416526323751136034375
1421.850567187048653910707
1422.461310987507366496379
1424.463045669579022246795
1425.87346924499659107929
1426.645979682120039380197
1427.365671109426682028961
1428.592305875978768705861
1429.650477276191545764898
1431.218313672751658422363
1432.049740893313600726956
1433.821940737065160513138
1434.584942168260123966069
1435.692907383419277383953
1437.226721623801248684463
1438.006284841722401518352
1438.949552746882798976179
1439.622793078163983973975
1441.960987504861836180539
1442.911059580896858867879
1444.041930706366562243066
1445.072278459201045744067
1445.830084779710020783356
1447.226227099975794392216
1448.323853515725453517684
1449.488771280731257902871
1450.773561858297330089907
1451.835297999393383264246
1453.737596757102226254609
1454.22601126022627961803
1455.312091239819668355062
1456.167797608387255558047
1457.539001668411230439853
1458.393777368687248897353
1460.688270535419103886417
1461.245443345159955929938
1462.266123265787259537551
1463.286891190427541263051
1464.696903297876409962361
1465.889557614085268159057
1466.505621107887723368923
1467.703989586071013401827
1469.347649878269645799291
1470.966589127164967200424
1471.388764527106594515569
1473.020132324185711143723
1473.745649185746533474087
1474.203221565698878785627
1476.09212703824092070257
1477.435191147500117405005
1478.441395973412948585008
1479.759918706490077675396
1480.766879017982257679543
1481.964684209802309575731
1483.032959958071480650362
1484.143580881755407774917
1484.817883231203726576635
1486.171349027557139928372
1488.116337976228270527027
1489.252466946430123072028
1489.970892204678885758734
1490.670693814603265610718
1492.180090544016411448622
1493.330835421270217760647
1494.155368613688803742654
1495.768832978941731640262
1497.065505571710063707658
1497.747360933121155702567
1499.640824746619819727063
1500.351951516603164877266
1501.119324922131586755267
1502.346063292399062924653
1503.090933126680493369499
1505.261529654671910926654
1506.152986138113179314532
1507.407505163830322280238
1508.2530310295422753053
1509.280419363223243290159
1510.391797446473538038311
1511.92300545900211118846
1512.589764705458127802798
1513.589765539918677586756
1515.708343586873929897339
1516.435989718758455005481
1517.719806254130186785136
1518.414791487253691070493
1519.74100949390682086283
1520.273622220356154270041
1521.901909065460911395428
1523.486047149258880136595
1524.724892160622186989842
1525.227837233791800071451
1526.552311910387456833343
1528.040930429297572159721
1529.034456728701310627987
1529.369975365194524165597
1531.020742970222322575867
1532.222326939392069528773
1533.886977913201592096683
1535.042277471206664585291
1535.769502395248204327719
1536.62070182402987189828
1537.651062167944922464754
1539.302854855583229427846
1540.030270139506368973723
1541.742248762789003493587
1542.496522922766279604769
1544.118670054520289895368
1544.834608227519480110203
1546.091197786313297886145
1547.297581121406901368
1547.806563801857567812332
1548.871348178725372883928
1551.273845326404526567957
1552.006872837670069396825
1552.736105329803855130255
1554.156519109657777788806
1554.921285164991869748802
1556.162987497552752345745
1557.394507017690490987832
1558.339152852351962786386
1559.781154390710235255259
1560.876475777809452139941
1562.410153180194439680536
1563.385400958495537267918
1564.17794046043167482059
1564.915788262260135930226
1566.266415601551516737196
1567.62345071721810545667
1569.022477804374074528561
1570.509277866920837750154
1571.045381485538185056936
1571.845352088045338365385
1573.806563330271403834713
1574.230915429863777755374
1575.638154952016551704401
1576.161352363424377561327
1578.118826945782786074641
1579.514055067740677248002
1580.372081625471549375071
1581.363551773001820393001
1582.329486944147176256569
1583.394693435421748433184
1584.234848066376210517872
1586.293210750337776065599
1587.004342107041149829095
1588.163404028904790148031
1589.357945949557727776031
1590.835904321394104771306
1591.293884373572356231406
1592.637167039234918473436
1593.584808188861926335471
1594.442689655690523961913
1596.484492409654675246699
1597.715895944423128646337
1598.420798549670449745762
1599.619348950462806910981
1600.048044903407311117641
1601.911946228582195319049
1602.815404793726602517536
1603.655202996124079668404
1605.521646646623348704333
1606.293418126574223498512
1607.556905211982879540601
1608.836295305010015548217
1610.003264190037944310471
1610.253823162574488807568
1611.437141269554780419202
1613.078855451027423513523
1614.710627852161491739637
1615.574608718972008759901
1616.398394841583644176829
1617.734684840985208560999
1618.537517831977547528321
1619.952501261128849053361
1620.774310821388562418885
1622.098751698022960734552
1622.977767699475580047234
1625.021856657962789849855
1625.98702016362117224155
1626.399919311635551920494
1627.755441276315744955156
1628.715316856763230191985
1629.658668954947761462749
1631.194814551515752982858
1632.798183570708816965553
1633.512516889737263158085
1634.516822662067080706424
1635.718366326213799525579
1637.089190173370945876389
1637.994643586012752332016
1638.599658304213882696397
1639.821235729830195521376
1641.89981900850457703943
1642.489779822378073057345
1644.152065959737679196727
1644.713745774667882876164
1645.573760362766078582487
1646.624866593178890765821
1648.270598222531697807583
1649.118535409240123292286
1650.416988983048381149984
1651.732693341395981036998
1652.671065899601207082319
1654.205896759371166943082
1654.726652393321786381752
1655.822775676771767318207
1657.114236399763082353707
1657.567101179321441112896
1660.019980337998945424469
1660.860056833300810301496
1661.836892884096688304723
1662.377202549280083467248
1664.057265418110030617261
1664.968004486365083806975
1665.877640414486212330961
1667.241125051711277139387
1668.36822932740186265219
1669.669728452399209150018
1671.047182433303181979264
1671.984259333726273942437
1672.963370830781056597758
1673.687445333905250511074
1674.648462097009754796137
1676.362486323950475216756
1677.691227141526503618624
1678.630368091063650393493
1680.077946716809494439835
1680.504770112847052080567
1681.812320174266013360627
1683.273289260666770470468
1684.171656837064291579029
1684.558863252537241861382
1686.421121947838197593277
1688.08014269317658843674
1688.933868509784624056562
1689.703154256179788865819
1691.051559916893075944593
1691.515192892035152299187
1693.053020930197146867153
1694.017564652607856866831
1695.832554474187265513088
1696.654997439785656348972
1697.342514286564009349295
1699.229547187643018792872
1699.966817266863858564388
1700.820303245006238733439
1701.825550997047417233554
1702.923249764490519399324
1704.291412426679760281344
1706.256032431560377055488
1706.615665035026012470105
1707.912312493324514939295
1708.512116178403088250827
1709.780842298580484923408
1711.137603258592841272861
1712.155397654322368843191
1713.055341727513109628707
1714.717145255494530380907
1715.825283039820567835619
1716.769983717394902744362
1717.974485066158528153116
1718.954152498583751996121
1719.724469321831035110477
1720.498070947586531810458
1722.844661739915648825987
1723.532822631259873601001
1724.733958737658224911768
1725.638628019973830653353
1726.605700739885404462597
1728.166506760965425040579
1728.644486480371988396949
1730.023872544779144422568
1731.014193761857181783075
1732.430169859256836542029
1733.840825021430013404403
1735.175466021101098339878
1735.624715342870632327564
1736.305662733237988887385
1737.893884786928548284184
1738.783237588816054261497
1740.169115680140548587294
1741.779167808727257289366
1742.467680720782010198986
1743.426436858721626521508
1744.721511937699789776716
1746.097498595632694981089
1746.595456627128205571698
1747.781695527752417747951
1748.563987381080216827565
1750.82281848983910049697
1751.617794946251114836818
1752.511511140665935993366
1753.66135524313953815192
1754.763369874252878074452
1755.169694068142685182724
1757.046518460723108432761
1757.984077032818179991453
1759.240085646681894957163
1760.215166242762324185108
1761.854899938728070380092
1762.497688870660621630554
1763.719121496287047263667
1764.591476849091958354746
1765.400493991783835727809
1766.676243599477873545201
1768.295971136341381198622
1769.940952051635838334389
1770.243677312197348192617
1771.212944983546526725935
1772.328000363591359307656
1773.89491551070346181188
1774.660430990023590107677
1775.341987573747291026906
1777.255860224057987062985
1778.041734762249298116558
1779.552270809178961606809
1780.665228492998657232798
1781.355637722819562971967
1782.439067320020181451752
1783.08482951994648471148
1784.60794639661266486885
1786.342201179342528821326
1787.049273086816266390257
1788.215123479632823247643
1789.242179963684720140864
1790.449562369783540465519
1791.254409818795450149148
1792.616102735198182735946
1793.525390652409514822063
1794.178482007255591198751
1796.465140537430813751114
1797.376335671136769855691
1798.147067458075746926823
1799.231647209737400400065
1800.024724019739154568118
1801.309636945287992131077
1802.301283491450569858836
1803.796843813365957725243
1804.90416097481201544791
1806.289667019497781635011
1806.578391750963925581049
1808.714431865474890356508
1809.119273788287333095647
1810.108892987985804546815
1810.873719158854715653483
1812.420077002105519026847
1814.024140347615513423617
1814.973082363495849025906
1816.338611219674637287878
1816.758023365350853184435
1817.710608563342472647764
1819.260334099488250564022
1820.187882186811219183601
1821.305708365203909060316
1822.427671440302586928808
1823.766265895773287956296
1825.213676893013383353733
1825.915683614928409365477
1826.795455271492655557559
1828.211270499973141933934
1828.621091758031140727573
1829.832529709939702045809
1831.936379901815210814258
1832.984940243731554247654
1833.273239032730321520861
1834.721559748608499026127
1835.883754437692548567062
1836.827672515957489640815
1838.086943305644553436013
1838.6402887076507410708
1840.195563473357363106728
1841.478582570643394257082
1842.875955278667221445727
1843.771057743069120456561
1844.759043650095888927069
1845.417534146424529184836
1846.353253420516416602189
1848.330980622383731433415
1848.722760910890866404391
1850.601184047651463659879
1851.400361994589779203914
1852.342204733386277236303
1853.519342920989503777938
1854.855632115986727770019
1855.592934937055467317871
1856.389179153523854467584
1857.498074814880186030132
1859.495271568794459978385
1860.541388109336813481347
1861.379671547232853462528
1862.121464928944214881547
1863.425464845096486006563
1864.353981335746251375531
1865.367433794057890105678
1866.836547018608191339929
1868.085190998609224366009
1868.706745684408117519671
1870.421471768310790151709
1871.41604309840714532602
1872.441566428192717588509
1872.865667637967680009892
1874.508361412660135338419
1874.913774010039541468588
1877.09506416733977461244
1878.022251482753471098902
1879.153303090461328571737
1880.082325418994379763301
1880.611766479656867414168
1882.321974797384684057812
1883.408724269518366030718
1884.005778349667142356788
1885.198075130258122876007
1887.053894806890124232468
1887.808841416832129527162
1888.93818263657945499955
1890.348128614244545597396
1890.612128587933260930814
1891.678510539728787851251
1892.8677013357911153411
1894.558537572429687187311
1895.69715565358456329659
1896.585494347168901175289
1897.513692859711974093951
1898.829372818679482109816
1900.006144829143996610552
1900.571884272414833831619
1901.891305750600065080568
1902.805059206680062983354
1904.089325323351742088979
1906.102756198181956502047
1906.597678003766215393604
1907.332780123909926346037
1908.433063045051752229753
1909.465930025982380253956
1910.733659615891596477795
1911.704690943172158628322
1913.18248977588307681364
1914.352300051674052677269
1915.054629333347218570916
1916.606371839519353790415
1917.344704041566345522915
1918.786498909856788986721
1919.20777839780523826397
1919.937457371217203896594
1922.101625621993703442189
1923.28083793641744205753
1924.05583110144084951951
1925.231987975406529411983
1926.211583079894078458363
1926.820092794871576744617
1928.417518549519447858834
1929.487560180576489987259
1930.258387180387325797027
1931.760069436524614011378
1932.875754549946917778837
1934.416436369151903416413
1934.907943434365697510018
1935.924848803745694844527
1936.873093814278902386711
1937.968633498019957719648
1939.050029150544125716814
1940.977326705859935993002
1941.822862215780232950893
1942.633568692246150914573
1943.367947449252749107007
1945.153796306367959584251
1945.922716949483327186313
1946.60994536187741031128
1947.917047737703604079914
1949.03003007360655073693
1950.74320155286315859843
1951.536695873054910398385
1952.85012921186575327612
1953.448556325135770052821
1954.418588175214116790112
1955.315809283718388686037
1956.848164578215508554637
1958.314403555120358564965
1958.85188346319481384647
1960.418845269381796764848
1961.3592778800143795083
1962.23357184857979807258
1963.621184573202069079436
1964.357390938095597209784
1965.377829505103857030394
1966.117658574074526474161
1968.471602019420441852811
1969.047617546527828615055
1970.305009517033761407286
1970.855547579945944308915
1971.970312804811386640255
1973.182663405938679691731
1974.347201910120085258705
1975.080610302266993556028
1977.173943698039879018377
1977.271446199746510741697
1978.801448167731529631539
1980.37177228705133692713
1980.910043091024233255044
1981.74876889726348374032
1982.663279195276514024134
1983.923804622260659671098
1985.416540174526740221856
1986.757107716415197970684
1987.87347336072431737889
1988.251876807355766020765
1989.702002708021618926463
1990.478352526426991646736
1992.001706393527902715477
1992.784987875157572781737
1993.577493138259984639429
1995.168739611888537748107
1996.796176966188206905323
1997.390914059611449311915
1998.279006925984822422162
1999.545764176267588903843
2000.434515302432246776894
2000.929620689184555144098
2002.896408374361740688188
2004.139669233270134958656
2005.077848124098759130623
2005.900934885785710899243
2007.125180170301125895341
2008.418240330262271679374
2009.176634122949589834429
2010.153324767559326408443
2011.020705073650057571084
2012.538935477421745332358
2013.872097713990826264799
2015.186728608706282909592
2016.029638032375393523384
2016.800075655845732537993
2017.386767251961558011385
2019.264600216064099761394
2019.884367139755293053502
2021.19604276889278802438
2022.54561768468826602997
2023.572911777100747848272
2024.488262157951250297379
2025.878906202481560989772
2026.738258912152097653909
2027.573317055997542412337
2028.58245935403995163189
2029.385479550966647379168
2031.750550690618736964454
2032.420780856286430224699
2033.01789274566981581017
2034.554828788956165086574
2035.077440096304077976094
2036.527526483370326716541
2037.217111094340891563125
2038.841738250867750155857
2039.44321874010445184952
2040.839119673138223887825
2042.344586250604208897862
2043.217116563323964478921
2044.121593291667495425139
2045.037320859814820925431
2045.802760431561935428445
2047.098336345607132274609
2048.454094066161112393306
2049.847525605716069264195
2050.906055384684548381377
2051.71838819625631916192
2052.407790192401017867405
2054.059916898485734258428
2055.180267326166661282723
2055.57260289904887217876
2056.620866689893779289875
2058.450651118906136128174
2059.448021743771458966604
2060.868247208107968375763
2061.367059202031889720619
2062.572650919978394091832
2063.283559498380763148584
2064.304867699634148083155
2065.832672281911464707683
2066.985229377985287351232
2068.345638527370094715794
2068.669941082812694161776
2070.504717593445975155111
2071.377083169758596449909
2071.990454814760787099573
2073.397603715768406627216
2074.171064902152487264222
2075.028065544832156633203
2077.117570136877207022002
2078.155484639214284075548
2078.939288114876902368812
2079.567628461893227357227
2080.910343457561287922134
2081.799686563577146136113
2083.300276858827975710838
2083.779992550167397584365
2085.389813692285986675591
2086.580318534381421521998
2087.47334098785801634805
2088.712281198732581189418
2090.036206757016941573504
2090.447550027415866938227
2091.221580661131263636869
2092.473218110071891742318
2094.335917468631955154829
2095.138256660294823669283
2096.346529979252588528503
2097.371606357192894539271
2097.951922199887039635415
2099.31165126506134746351
2100.593745236861240663834
2101.135489459108414918273
2102.535100215297700958109
2103.390454808714039348515
2105.372206591799897773389
2105.994704339286241676884
2107.172362432443341469705
2107.617911407514327794276
2108.938384889015335597988
2109.963143181267582022438
2110.822371848131822017466
2112.907087523190777713859
2113.483966448430801284968
2114.396137325889992385978
2115.50660279468411445352
2116.900056068394727573854
2117.722399441362978078898
2118.618646217029262713152
2119.456428468939276684168
2120.691562591843950542792
2122.465151174928362415617
2123.344042303462499324835
2124.370368737568878200366
2125.512400029151939221741
2125.958784840373305395254
2126.97571119255798896268
2128.752290554262836645245
2129.406080228328442997539
2130.555102283235916685015
2132.080620992942643171181
2132.798516467884154644985
2134.154933985037924172455
2134.95077250431567212892
2136.086897524703213711697
2136.967470548471870359073
2137.509940525910913575813
2139.38075998520110757749
2140.949362639097040588205
2141.710035960389950354975
2142.355043196035385267587
2143.374444180537885595292
2144.895337431360428693315
2145.505753734180824039627
2146.625894475511517827017
2147.78536734563083385522
2149.151849382889221886289
2149.910639858102119005478
2151.776885116465025947986
2152.390226596919655112433
2153.011964165386528639099
2154.263623952320336028675
2154.935345848225473123273
2156.394727255681689229443
2157.856489565353127032111
2158.878072291083204488174
2159.902286017170492481155
2160.853062328184191260622
2161.692172189209531650796
2163.107122285732380342668
2164.049720356357350273506
2165.011437174314295775248
2165.503949023375744210702
2167.693444254746848034186
2168.890615851853982383041
2169.263829283364955071557
2170.787074973015736611503
2171.396361926494691625653
2172.250962827516326407029
2173.528296969316612154217
2174.745020803476645526705
2176.204119466215638373483
2176.939451698977405984225
2178.004209154761124386594
2179.232185029747187483631
2180.49531825927878074434
2181.252367010681768361235
2181.725783029819561812588
2183.33058401727993762707
2184.103190760680534924829
2185.965528320683109004493
2187.085690959372521088575
2187.798455877827899041431
2188.55876320308854323226
2189.497072902605391629207
2191.093363045749275649661
2191.778017400507988688863
2192.826770539861208746918
2194.231530050449700562118
2195.23168768125578497387
2196.715977666758543540945
2197.258747040205904491146
2198.687512684367522333657
2199.302965320969583610067
2200.351020913263048427462
2200.915953025551824504694
2203.277453730646011342181
2203.906364583773548146897
2204.997801754830107949105
2205.855761245543920529449
2207.172161914952220288888
2207.802741336736954730746
2209.153744400263258074146
2210.20801498925036444937
2210.850941099296166739204
2212.34356840003640434987
2213.700256248436090459335
2214.949925632092495772633
2215.82056569064555503271
2216.296375887645193428667
2217.469375116225193432526
2218.521006913395296268517
2219.79981569836106178955
2220.852158848914182607607
2222.636604588097467856896
2223.055057918810407973036
2223.777772507214529978821
2225.56464511716942600523
2226.332734405575587132705
2227.246229376595376532187
2227.970573882256309379833
2229.127958910123303939273
2230.898690856217248629392
2231.977154074073314006074
2232.924853868966181778427
2233.720222250312906190767
2234.8149345313269000143
2235.546662135600063188543
2236.773643845099835781107
2238.154799519297615396553
2239.16774396023665946447
2240.021209470471096399311
2241.536186523766402052073
2242.621180159379481080589
2243.373668418961998535764
2244.370701700430338609059
2245.565286531271342234985
2246.0165581782856269681
2247.364431251229392022479
2249.550198573537092658359
2249.770766552723961276493
2251.046641941553166316284
2251.84531833869339935792
2252.678432673838856581411
2254.562246994389553108462
2254.759079001303995297453
2255.824565571536941238408
2257.346384683132800660565
2258.501847291145838169489
2259.517842057384273982981
2260.890259416800265121191
2261.660064449481099011224
2262.674430648209799538702
2262.878305381161112230151
2264.676399705770246638194
2265.768446115469447788883
2267.384501067544035832234
2267.879175337166069873946
2269.226998261609550659237
2269.919103216838346848388
2271.326282468066381371306
2272.049015701237658460441
2273.347534053164474274792
2273.956289145943056055512
2275.068664775971333509603
2277.079317756623523062808
2278.012628393305380980864
2278.52594215578419174696
2279.507305841119493754732
2280.870719852586209260019
2281.356483614546293589525
2282.690375137647892348962
2284.056011459351377862036
2285.222242364866503875297
2286.149814140564054168646
2287.04615867101060416601
2288.578849445764626369874
2289.33628471013415010662
2290.241458210855731249567
2291.097663612112011932513
2291.928901252490557180192
2293.896145106086756681451
2294.687918411714311439957
2296.115091188330346115295
2296.998522472515126633932
2297.372647579809593948834
2298.612363365660205666885
2299.961577620089686754623
2301.234125798830902957743
2301.454840351728464478866
2303.29548198257322304467
2304.305138670374533597113
2305.508356788681968574967
2306.517733070003535106322
2307.355553370478083133853
2308.210284634764679012545
2309.370358239529117023469
2309.931122384183622924545
2312.047996449610743573026
2313.190914170747899328309
2313.689359967223960407923
2314.621182113594161877086
2316.049454719988829155005
2316.962494504840772512444
2317.851531864277040303424
2318.826035336430148359696
2320.088523204027257645797
2320.94953162865960516512
2322.812632606693334256532
2323.534274240766059714838
2324.512455232258388954562
2325.557096491765453917642
2325.903015927513107748496
2327.376855819699561060512
2328.63487510116860926848
2329.70572340644955569078
2331.013110289572893027477
2331.942707806402767833812
2332.987765432775017684268
2333.720863373782282747764
2335.531712574450956361889
2335.867153805649781363538
2336.621036786238721339516
2337.761730158820696863196
2339.615683895982620196782
2340.826726706644481424807
2341.324596186215486662045
2342.654041658469263808784
2343.259158955008860152899
2344.311216236151757824706
2345.570483634473816645834
2346.464119529787811114179
2347.934254641723674406079
2348.843423633455680124828
2349.730054257837876706144
2351.455046927851231854949
2352.195701502536464589525
2352.750870075454590985103
2353.91213585235305929797
2354.951081235008184082218
2355.810813978290615356117
2357.608315920247485789279
2358.904705198415579000437
2359.434859076439866835133
2360.314285089526338651524
2361.342541641932631563335
2362.718317922921381033338
2363.49561765411863386756
2364.751176089117010111223
2365.191515064131916564579
2367.249219842959468477894
2367.957701823155859105366
2369.220577767399032026332
2370.093390284232169389271
2371.100747929721673489809
2371.938137794610108150871
2372.44034726005584373976
2374.4442307178166502885
2375.543967037372248899774
2376.355463515560189748491
2377.755407914012799016083
2378.212961679662157315899
2379.726502949965822242388
2380.545657218736259306995
2381.500123710437529731055
2382.530830566366402181744
2383.356013915980869470067
2384.96507164118246972621
2386.430937109503890289813
2387.29908412233651475756
2387.813568556078037286798
2388.748207635493176415535
2389.955988113666157004736
2391.260549872403399478922
2391.754982336622772778133
2393.630593291699855331902
2394.48536785604649401565
2395.270169994647092172437
2396.603878762616071581764
2397.791643761773763503076
2398.558311382532671158357
2399.433832905785270121664
2400.152356522131457194887
2401.482998375771780651165
2403.418798445345203891616
2403.975315148967507493641
2404.921593489769997569214
2406.253988718289485260864
2406.732851182109508443646
2407.715910422269907279289
2409.441502352419540345145
2409.88160268287958825386
2411.126193380777421369069
2412.222935837284041670789
2413.976123194983408606475
2414.379879801270495871054
2415.576893465994105812422
2416.534054627703939300373
2417.278087421772193108972
2418.229443267357387460367
2419.507917163071245463497
2421.142943993328178887133
2422.152084925109508781274
2422.996230123486907861289
2423.504146888716139414249
2425.124760212556724475464
2426.193437541668300473568
2426.907064293753645127818
2427.640896948592982256414
2429.185595990256922491338
2430.265812635944403068752
2431.611135096253930383582
2432.727569299254756631148
2433.70589680470380893429
2433.916873237684183015598
2435.348894364694559702091
2436.191600375091036395379
2437.794076107826049841897
2438.671790794044180200536
2439.927127218672276058926
2440.826160290635254748389
2441.929836549998409528467
2443.033560058185132331837
2443.775436396199729327474
2445.154381015220419422029
2445.744952101154900370733
2446.398523306110247605531
2448.98831228603510535508
2449.231032009292533392599
2450.503650580108119102528
2451.181708310084449221349
2452.283365741213890626028
2453.257485812084044867872
2454.300561841789923492673
2455.482288383525923952835
2456.514551841288553330612
2457.907999090218544684006
2458.546799837128013408414
2460.01357946550619149825
2461.202295374506200046268
2461.731628648041392697212
2462.464294913853763629115
2463.569667295016347843545
2464.927816361223408559911
2466.183097013192723406218
2467.64086078377902469819
2468.186816301115243238463
2469.336263892497489229523
2469.781485031524024309086
2471.53929774199671694863
2472.33641758948227106737
2473.107124734645042194834
2474.237849734393679511181
2475.539353861002766769857
2477.021755096104594156578
2478.014854024809405242095
2478.397597583125020440488
2479.977351980870754122427
2480.433606985092072927766
2481.356767280358944597213
2482.68341151871599923226
2484.503238274744643366364
2485.087590537419866510797
2485.785620712392752240643
2487.333836442726022066814
2488.113831754193054379838
2489.261157451637116742966
2490.051090515746789809356
2491.105516421820704818303
2491.907473934292842644924
2493.489295449123217227501
2494.866177828255220973087
2495.846840419501642755475
2496.485336702823268245615
2497.648465246601934549861
2497.969973966752262396796
2499.862042821255065686392
2500.564386412317449341173
2501.57774467243353946447
2503.185227212086801642533
2504.008933658583641175764
2504.772152511212027926352
2506.305351937307695661711
2507.151885647675589172309
2507.871039579743361974712
2508.766046103826622408968
2509.652997441379421693729
2511.660189787186683655476
2512.538220985202544808611
2513.579517021464854594573
2514.259859059773677906645
2515.28648292471288003819
2516.57104914288748599437
2517.146931880415356863337
2518.552852040690821002384
2519.634252640271893334172
2520.402323518036163973881
2521.88517564615100536324
2523.263480155872146142966
2523.967055819190529479675
2524.642045795694521479349
2525.687993324800683257013
2526.868810058592998243918
2527.418791160628952562372
2529.378043463275119619442
2530.273672274268411277603
2531.54396122006483741073
2531.969384081561968547217
2533.067317099047443932875
2534.408614098394202583134
2535.505886073966032071815
2536.091884920838980799483
2536.867485222561254438074
2538.559826936261153398774
2539.998407118591166468833
2540.53166193674222860222
2541.998729153671039536672
2542.687650514868867082422
2543.343955088606650134459
2544.290953656615606110892
2545.878017730333159662435
2546.761141283358773561276
2548.181615394108557459031
2548.895987575046567007906
2549.996484491522520390157
2551.41114199288503789677
2551.880445959599060879986
2553.275677995524692638673
2553.723069201209180248796
2555.050875291359249168982
2555.832350747303403083752
2558.009105942871789164342
2558.752211368471367338313
2559.234296597333972469714
2560.263289514388720620743
2561.405635747573315478714
2562.426113338143232051032
2563.501718903992988724494
2564.33210785433349039775
2565.975270478283844204012
2566.55755789708502248955
2567.958599725328829408293
2569.0430901733527799358
2569.94811159690457986047
2570.958525661919221860624
2571.540774147768717504372
2572.368208186207413775216
2574.207163950022860407176
2575.404511996903622548127
2576.141011184026154510829
2577.51983553260234469337
2578.070129925005555047026
2578.971298335895942474808
2580.346111565200706589691
2581.398140581892706632454
2582.138733931301889982644
2583.003294535099838204013
2584.758402441678541603673
2585.772739404011499256663
2586.925178957182227989286
2587.591000924191165002041
2588.368210423880449432982
2589.579264554434006855279
2590.371692925951522366762
2591.549378447984791502892
2593.275876806604425384422
2594.023618334686682569052
2594.905011552479901446776
2595.687530138859603929944
2597.546141488459564930271
2597.979353418423115901003
2598.598768319633465984132
2600.121355061881931092927
2600.641952319219978877613
2602.412300558055130095144
2603.628781118453252976396
2604.573564823718664179966
2605.368075915559231350757
2606.243664547518941377395
2607.003639114239009673557
2608.364899649035512772407
2609.552086740677385063283
2610.444520938915516022592
2611.54367038142293957944
2612.956807036694044383491
2613.731929438305032823639
2614.737136165400840807884
2615.847707268249514183878
2616.902118243953797343551
2617.335046934901114269679
2618.29291547802228594207
2620.279393694424618791568
2621.42905521322924086303
2622.048696798421354766341
2622.994507976302031269866
2624.050603854559431085874
2624.909501777169639509346
2626.46050222994433988183
2626.710471395806398951926
2628.098026523871191256657
2629.604139510848587789108
2629.994800764219984818912
2632.043116637112728952044
2632.443658949145354916575
2633.676399939781127792147
2633.966543434121262890081
2635.217331617179852718082
2636.432585995081861696981
2637.510683358462605418061
2639.062573045389558915227
2640.054245884027257587859
2640.462942828951323465832
2641.80174478410854879694
2642.755759063043897443806
2643.970900958345226199899
2644.887867143491581855777
2645.39556727857292922517
2646.689940172724319473542
2648.577429283763884870849
2649.325653551798772117115
2650.058544458382326108513
2651.227331332121326203932
2652.160775241539956053619
2652.770642826959688585187
2653.89706974564043827188
2655.61577232596184138416
2656.238998498017256462088
2657.537760758300554229157
2658.341557629756967527547
2659.65831602085961658676
2660.61024580295311457152
2661.582573758213880690856
2662.183573435627615494808
2663.39394562233962764409
2664.23548908324405939038
2666.030101479453968648605
2666.982849070546235931857
2668.291859037208910133532
2668.663651401292818537905
2669.25374488818001451035
2670.998998582165212287822
2671.918382668910966565955
2672.603779588146692066806
2673.874618711104655775557
2675.27175912963652574864
2676.066490230100449604583
2677.246193893199507580694
2678.538156521631728664964
2679.02528159628447337154
2680.039021548238460989996
2680.843117132923615719623
2681.841051456082719193231
2683.882275551469900195459
2684.529156904497649412205
2685.377113426632244066084
2686.496160151160446748579
2687.489939808026632666463
2688.385081595554101258963
2689.423275981138127722035
2690.633186856025274612834
2691.318382839997113768709
2692.36871895850991419485
2694.102820613441968378722
2695.208957968971278538637
2695.750049240104830877552
2696.695372581611462225268
2697.857558216759304730225
2698.290961321395782495101
2699.942027500086358854666
2700.731207011070332510604
2702.433544847737332716736
2703.143657511188948436549
2703.981714244772448908337
2704.955737551334258641148
2706.52824732675666912826
2707.09076464638887997076
2708.117069229272968488341
2708.476524960683297979038
2710.368359823606167293568
2711.458227864114997837425
2712.786687334756395277866
2713.525289303347907309146
2714.367906688518618850328
2715.339871631409058099314
2716.025049049534497997415
2717.665774871052640547113
2718.308652474352483038013
2719.770998978129882008571
2720.493474900152773743595
2721.798775616647991581767
2723.086082744475843491747
2723.768928849822694372151
2724.523924437069703432717
2725.882989203482000823935
2726.479701033963230793427
2727.274459431901557803273
2729.395041668594912117859
2730.492891807172182728788
2730.797702080186746567869
2732.004049913595246798743
2732.830123557482104623657
2734.200782967822427626622
2734.938856084208801315631
2736.000479107039897569416
2736.922048440000585821577
2738.266444163765032289615
2739.513547296201548952011
2740.311109421231381416013
2741.878852420557722856738
2742.254107878248024691441
2742.993068159927390245627
2743.953469810087824498557
2745.321831898192903945407
2746.714798952398406870847
2747.514097998184117739117
2748.916191066436435814843
2749.643649788653236287582
2750.314083410359824535791
2751.823671458527382104495
2752.715502493883261035838
2753.487796417396150788929
2754.458663082718398076079
2755.41687619148596685556
2757.301868214300791891696
2758.27810332833900224645
2758.858670968685004357921
2759.898613919658389157765
2760.65715154011170614868
2762.082880142575299998583
2762.444580467694463148621
2764.04184625208908305188
2765.407691146482925770701
2766.157035589919061983824
2766.887269747368007123943
2768.664523888139108086682
2769.144698796099990228123
2770.279093643343192131831
2771.017392142684773197474
2771.896293661727721094241
2773.02971342429484460132
2774.670010731832631333589
2775.725707342410327913288
2776.61916030792635618947
2777.512125202576134575008
2778.289695299772775651021
2779.127539134050768659383
2780.771118379071538600707
2781.656070227571440777525
2781.989239654647903962405
2783.943665286859110918462
2784.705283876121840163656
2786.043335738622757719653
2786.702566351368773988136
2787.932021258523774839056
2788.796278014511074338948
2789.197561121050912556081
2790.493080791035226040002
2792.113378557022842225899
2793.301469240871724336627
2794.238093335275467696773
2794.65382466532819842009
2796.034761603657805198703
2797.174539351897759421513
2797.972901229628421460709
2798.798140177045477205474
2800.067444818401492782559
2800.93760311623493101296
2802.224801536331663011348
2803.864955138344506909039
2804.418935676251152208985
2805.205300363064447173335
2806.002732416640888837714
2807.132318371189380278606
2808.153501197997633610067
2809.291652245192837469788
2810.724634082518464086602
2811.460992226052809724534
2812.861997588022148609889
2813.201488028300935978791
2814.656757980595164772594
2815.838653992747667445263
2816.337954815325156730237
2817.458907317419326169611
2817.94946216096694721522
2820.488842021916584974106
2820.660841053781159955141
2821.891930074870971273234
2822.923026217023214857504
2823.866992056607983967687
2824.281884122039627947519
2825.872656689750757996878
2826.712170374922746029583
2828.029973946250995071113
2828.851526590522587986638
2830.087545290016122224192
2831.128425437187258500389
2832.416550857943840752293
2833.138035851670906206916
2833.658717233308178244517
2834.980248462514047130411
2835.775847744530604761627
2837.014472081293122752571
2838.812881529271651030311
2839.485753395012631467188
2840.285754910691532813351
2840.920672973103976131407
2842.332641081100701383169
2843.469837884564750983044
2844.198986963261227135204
2845.025433610480155636918
2846.390776212726890003352
2847.535935529730751967492
2848.770308555407354207727
2849.797086647209651712201
2850.4718881974353470285
2851.678938036254349093725
2852.303726568369768934781
2852.926214764694869254346
2854.832394231931316229139
2855.853721192900111358019
2856.816133543913321204867
2857.73613980782205676683
2858.857860356251478371003
2859.838748954184361582006
2860.577436497612265941271
2862.12020823439640538305
2862.506966277762679317956
2863.363589552191153972211
2864.911426758851445613132
2866.493209755929753472366
2867.149356094087868215507
2868.224163663090438520984
2868.657629194218364434257
2869.843456574863653169161
2870.909506375380920701689
2872.02351111354819230379
2872.858555183438196862384
2874.569154072845864690232
2875.282119166366557731876
2875.889914340386435726439
2877.546649153796206289066
2878.52700262417992669394
2879.119907546978922105531
2879.868973936907339028877
2880.978994738386006888854
2882.153646390636910794871
2884.01365755283976667238
2884.346757790142943404964
2885.773055402722130329296
2886.308874639772579859463
2887.224885507060785203531
2888.394382456172131481713
2889.404168047578017266335
2890.642626361553295547118
2891.28007821545510649429
2892.462624016639248094348
2894.174448736821223258611
2894.746550356225012201364
2895.641103861971377405932
2896.825405168247547358461
2897.428300566969727455813
2898.541353179907942086946
2899.177779836548361095888
2901.263850361997178504857
2902.065102481250127796321
2902.855785528508264195501
2903.957879043037018592
2904.598196021987724123757
2906.176417596628539289812
2906.923339342985194483579
2907.605736911210832134911
2908.658045519742780668548
2910.028233435046379665789
2911.14290366458001567065
2912.345904726055916472618
2913.522785866686084032477
2914.044611072102739647947
2914.802702223863609720007
2915.685975327455177689079
2917.274173441487555351694
2917.982416701912520163859
2919.321772326527278134587
2920.615555992141325266987
2921.083198937259828575728
2922.396084557395077441944
2923.390932357376606244934
2924.333434993952654048656
2925.261509119313312551942
2926.295436226225759123124
2926.624014686465896988321
2928.761073846998261471974
2930.004366371979197589348
2930.711168697389571506234
2931.069101109814732085461
2932.806414415832769005011
2933.174857162008290084312
2934.290717835787845931994
2935.552463705747991325899
2936.550374848601820241496
2937.70895898156823787373
2938.581220350578455150906
2939.847529162593991235524
2941.261601534687117368538
2941.425217756342247031115
2942.724885865147488694871
2943.353684960178375485354
2944.321648794483433337463
2945.944499285887025994072
2946.9223948961883507509
2948.374261864690537504869
2948.867577209394886742292
2949.790143025785909072104
2950.52110835241838506342
2952.283829638947545679278
2952.82717658351190103087
2953.589030993758808120107
2954.71127529093356272781
2956.258730424157120002825
2957.236259246842562201737
2958.290776254197002720781
2959.221014234687151865428
2960.033617812008374302363
2960.81483926622022873063
2961.825970575348591466113
2962.819636335281423816159
2964.633921494808562758066
2965.39834158429091685325
2966.065269745648101403237
2967.270190426496198410397
2968.405348995407544712878
2969.401136655698809674132
2970.049930110913633646238
2971.122238124934487754082
2972.308884109068754752861
2972.811686391357692492661
2975.018020412780896122993
2975.619957166153440291091
2976.526232137094252540534
2977.55357491347025255604
2977.981978512600202759178
2979.319042212011449010752
2980.487381006559362305435
2981.343947481810291631948
2982.523719895924638061634
2983.82533326651940415623
2984.639177804446568973251
2985.547666235421072150718
2986.805393383297834851761
2987.856151502432137454886
2988.634699666938808340888
2988.855046367445202540788
2990.423270573698602405377
2992.163668675063220175137
2992.868866378301013829203
2993.974353092848010375763
2994.865507046753948241652
2995.540266915501954267219
2996.736506016221763597077
2997.647203114442794777893
2998.959301098028931730728
2999.494492994594582969443
