8.039737155681466679313371
11.24920620777293524816808
15.70461917672162557024772
18.26199749569312756614092
20.45577080774249285333167
24.05941485649345076558438
26.57786873577458532091902
28.21816450623338609349225
30.74504026138249574151566
33.89738892725941902528413
35.60841265393863465382746
37.55179655636462702494877
39.48520726092935077267139
42.61637922615756756405955
44.12057291207220243445261
46.27411802351314007719649
47.5141045101173221248959
50.37513865063626597173851
52.49674959906075366877787
54.19384310155191355751215
55.64255870021622139287588
57.58405636044918376736947
60.02685745671590223093719
62.20607812228213646943434
63.17699276733910827286171
65.2949255440837120351151
66.62313462553293004486677
69.5130229859799959407641
70.81979869554714961676917
72.65614907069666486283403
74.00542852100418971528219
75.62240696403070970010862
78.21748127092660982928592
79.63797575190780200504731
81.61198760947144690558455
82.47025251222195796618743
84.41228663829340910507148
86.32764628301414793487541
88.6526172085393908056659
89.64640275684170007963728
91.33561035443308236125827
92.75346438711915815489272
94.39435879716337756406538
96.87425208978530828673985
98.1264549042419121721578
99.53348926405860548627359
101.374963467900018934675
102.1163618450649207797239
104.7653754701645187924482
106.2460618488763767014445
107.9703161171381027766398
109.137603914491757398086
110.5233510368133510698425
112.1547718421999694921038
114.2171482715642523625416
115.8981424418431390971346
117.3697509966053599522734
118.2994183078976053319348
120.2551822384944473692808
121.2788415965073728602913
123.8904906598096318265372
125.0107835006040254671727
126.397312255835030161965
128.0526771842361420300486
128.937236928623780188307
130.8113699102385570266486
133.0324496493005341807284
133.9908626434153216006032
135.8208912231495389316685
136.8263732715500172548709
138.095359556468882059054
139.9982800755045112356392
141.6478471118487607621752
143.6384771451267422764921
144.2516639825884660314194
145.9196295674467836828149
147.2242302819567155519599
148.6031369892638006408027
150.7164895698127989237526
152.3185291515903030418178
153.1907164942600053453282
154.8152161519251693216893
156.1364808910072212749787
157.1483812765944729800116
159.7182524207504666274848
160.5683146966258271898231
162.4150755709671963639129
163.4179519382985307923694
164.6743265965582283111279
166.0662525292756456468656
167.867728531281197359991
169.5982845608166162537632
170.8474830423991283306893
172.3076302538303021388831
173.060233619416215902763
174.9713599306700421404091
175.9300818153842517449479
178.2561676554760251384155
179.5188334579215591296761
180.4313868100308941883045
182.1921165989120846823143
183.0869005284911819081403
184.4318195608085267728201
186.467254959950407403045
188.0044327245106774021395
189.0010671450208929150734
190.6019247350436697480121
191.6303966754947377487668
192.7101972365183628205216
194.6648641090389261015787
196.1084583641506395884619
197.6996064891581476735666
199.0088587986378827060491
199.6814231836026253069633
201.5880066361766954435836
202.3549007531268107334937
204.3415668604349517273305
206.0443497536688535226573
207.1403025362675275139451
208.239005690981780907765
209.6818124647466164339731
210.8688075936374240831865
211.9841347465174602709963
214.5759364179034157010787
214.9211261886521433545053
216.7517455684529248421936
217.9558099665120233928687
218.877069206881097243598
220.2518653564464149702243
221.8954062843736674742726
223.5475874582478760493867
224.8255684231272534950843
226.1130457512890447296907
227.1639548118533016768363
228.3103629680669773654979
229.8603207599580634329352
231.1126667667876321693423
233.2473278856436189193625
234.0621858277234967921056
235.1901836805952625858419
236.6674232789310367258674
237.7998475385192956671455
238.7815192750406301264144
240.9546216199247324701838
242.1355516326779116403878
243.4903222257243974119256
244.4562201863482189728693
246.3028244345012326227384
246.4148964765635420298672
248.3912475399704862716298
250.1562857449092956790814
251.207296474379320996848
252.9333508970165767443226
253.6828259854901426201244
254.7600877442307656856023
256.4132882912837788885717
257.281084587223667539677
259.273197416328514200432
260.6690222258145598593893
261.733190004624820004795
262.8413603840734219324584
264.0927251332627926166932
265.4054916973185359402291
266.3467688135146768352283
268.5334048091926775675403
269.7633475290296341447799
270.4837926614863504531911
272.454700146476419234108
272.870099174116876830641
274.2075890142926003739662
275.7232034952076790396123
277.3922645560363899469568
278.5947831471114485984974
280.0288754666972235646261
280.8797118717170476137602
282.2108843699329377791009
283.1612291681609437282709
284.793205517567512521925
286.0671767907198705521702
287.9857252919451082312501
288.7101028317685281115994
289.8196313865012345295507
291.14971601231171734192
292.4994004725639503511343
293.146157971230097685766
295.4052734131898037467364
296.523783545686697052379
297.6932534938650102979139
298.8858526457194456887877
300.0442411125083812528658
301.1948498279908300823138
302.1477938432665982126936
304.2345987852476203450183
305.2667177577765555973602
306.5746401318227699839273
308.056416853185604320942
308.5960260978264879661031
309.9131659877852686513227
311.399712605129073939026
312.4376700421881358771265
314.5089851652463393882905
315.2478008258449931666697
316.7478679888822003185576
317.4099901024864872844953
318.992901346549264562925
319.8835539237630993802963
321.2238504515910357817188
323.088370051146986572378
324.4750728381284816670429
324.8682277193277466942347
326.6748998281159939161014
327.689912646510226590381
328.3791490765487627534484
330.0580762971752636580918
331.7098350520466126134539
332.7610858506377970122987
334.2281266348673804067478
335.1090404297041190240255
336.293879137474393825615
337.3231175951790040024056
338.6137336731561032543445
340.1689127234458902115954
341.473818484650044613462
343.0517875415860097554366
343.734835777424110236924
344.7405616721934999979761
346.4045593485783578024975
347.0451340377145418081309
348.4410964843466321561064
350.5588437050002254657981
351.1464325745365292696958
352.476789564989020941968
353.7213052688793848865629
354.6288089346319007511028
355.9287153484598404062952
356.8195839741266302880293
358.9895043461209388269171
359.7399114153344767075314
361.148528692098107306666
362.278726921439437980158
363.5106319487382906530149
363.9958106914321282587855
365.857127789801406159146
366.810722268314985505814
368.5471338407268541814724
369.8617681201649075362107
370.6484770399847070265802
371.8867143187088588618432
372.923515454527069756811
374.1996509445462754328599
375.1833251674472686332291
376.910142482347222703258
378.4853660305566824817489
379.1335701928066574950591
380.2914994466508270321057
381.6709343643993454620088
382.7357738451545719371482
383.3306100960119943366111
385.4542926492754014944398
386.5509105471780221918766
387.8036899333275259849121
388.9393896785549147310282
390.1392963013306291131291
390.8526475772122578789029
392.2636723340820450900472
393.3297825398181489120524
395.108282525967082854384
396.0599582992547970761217
397.6833541389148949818429
398.3767316395665469386297
399.2942534759463955040867
400.8379150520003046054338
401.7159887654716554195087
402.9055408083916477224361
404.9146957152481315134252
405.7883600329932873407358
406.6595956182007993717832
408.1898880969338273772053
408.9166420927018490871831
410.2092779107518589754081
411.1165524746463821870238
412.9076154075646135410753
414.4169483814212400218995
414.9304043961193711354046
416.5495947361271964482005
417.5043557248394042957846
418.364395217947754623828
419.4982943824516015141121
421.1079180301291048138588
422.194139267889748090574
423.7726249632606853268223
424.9263560632156080387811
425.5206364081910640706563
426.9759941571629864753912
427.8782342823582139246309
429.1261527113034132341409
430.2922889054932420904789
432.1471581337812652989853
432.9587521208625554791708
434.3424536843312553813306
434.8313584607932513748168
436.6339390083898363670373
437.2406337472781617137302
438.2244251587216963272981
440.3213875967476182538082
441.2088228266107867270382
442.3723845749648740266555
443.6068608429422651440253
444.68029310272546030803
445.4220885676530999219912
446.7673243789394073033427
447.906425254960076465246
449.5571842135444109445154
450.6154162509052897078812
451.8432215149324578718018
453.0667255470175197373887
453.6154706530795520436154
454.9456885533144435029922
456.3461171683534290721778
457.0217267129592256580478
459.0182586588230252644478
460.1607090954940124660851
460.9884986394364014827914
461.9993049963656575940349
463.6047524158301618157994
463.9786741619343017006914
465.3438329118085048818986
466.7265730923343950209503
468.448664810617903420118
469.1588573986386530023741
470.287125595125100652192
471.6299209838351464085895
472.4524553870889990392448
473.3871490297167143879256
474.6450841651777048824194
476.4131186018024058270819
477.0860289135917826186622
479.029199856922667954971
479.3973997505261833040985
480.6442433245705748490291
481.6450039520016181526881
482.944800252098043991121
483.7946268201109072393348
485.4127811858150169044377
486.8221516735848274137865
487.8331710119405416392723
488.8061504141686755886653
489.7662810399685911377888
491.0703306326949357796353
492.1076379118260847533963
492.8347757801157724699794
495.0134207625413358400227
495.8833454899823975026256
496.7425360797046385741387
498.3515120934006235486996
498.9240138966046442803409
500.1563926426789356227793
501.0127306246829869351806
502.538024822395659363405
503.8135531819040030754417
505.2215339377752291838528
506.0165919654559642637646
507.3890990121651432431914
508.2031188017498481102162
509.0135516825147634634274
510.6737424773482180384688
511.3480645174797500018938
513.0202932069243617618894
514.4689749535045395489988
515.3042176942764234226616
516.0860823030057110472172
517.4544049678404045167328
518.6794575577559745838246
519.11001837681771835521
520.7624337199770048201347
522.2733604794607211729958
523.443104957282595357538
524.2520994573979079334099
525.4748184043414584110229
526.5398414907120789863035
527.5925834963743556116476
528.2625037257043695504542
530.0226100056633201873646
531.3456483716764649827391
532.2323061933818129532038
533.6846642854942745160098
534.7832910412032800806639
535.0773188709124861262136
536.7862321975938433738077
537.5977896650461390848489
538.8230999248308128457678
540.4083522006577473106986
541.5291796788548543517678
542.7196322800789525686711
543.3299926557815238581513
544.7195844172088230905745
545.5408240119936708723133
546.954129695065786798138
547.5141489364162092457053
549.8863727864124902211661
550.3132294999228770748933
551.4340204210081934022147
552.7254813939120873911426
553.7416710255736129298177
554.5554248456961074609374
555.5684887375562508893403
557.0862667279514413465472
558.3597202089014308157426
559.5611310792139407866012
560.622316779662239305551
561.6114366190000938061782
562.7765338451267728814426
563.4112343394521589701324
564.7787487388099448182428
566.0024181898542314783781
567.1601141031264125658282
568.7637842113446966507837
569.6607891100117365468379
570.4272355244301371257763
571.5422304890752871031767
572.864741823437942436229
573.623631346712462963936
574.6186005943403261042736
576.666951901819016335097
577.2413641451125792869594
578.8254824425303974422411
579.2520994350059028832482
580.7234625043572963321174
581.6979306631191851906387
582.4216573389029923291254
583.728323345983449321765
585.4389309682226636866327
586.3259725237723566593369
587.3469651310184334036687
588.8452106599484435989364
589.452212254776710231867
590.2197733997987759480151
591.8476275879386884426635
592.511309365792042846992
594.0464235061286279560178
595.3878348577767626537295
596.5686306394250271623194
597.263172526403165640845
598.5194541215006646339861
599.282929959168132860741
600.6856315449810702844502
601.3916876949544361607992
602.7794142185645247522531
604.5370003602297439115889
605.3082026956367355907676
606.0180255395150529906804
607.4778097706593579019345
608.5301879979211042481784
609.1108188626574674984231
610.3261160980714164381317
611.8205017297251677277365
613.1674106740179952979027
613.9777797351013729709742
615.4624891575917660091485
616.0303285924098512182931
617.2638063079505764463315
618.1821551243407400377815
619.1168800452857043481468
620.7368778154445950079332
621.6147330234616456223773
623.2335231476163341923792
624.0665798685338083728892
625.0751564322204425039344
625.8213476039693118124787
627.2140459581235466757235
628.2756475673508615997791
628.8509939046310057264593
630.9151680453488390654132
631.8439283741527509263864
632.803827109015989016429
633.9151554982466974408357
634.8367875851349369398254
636.0141220927648516791938
636.8394511699794049874887
637.8352162410553132687616
639.5349536310770881542019
640.8601425243898427552857
641.3142273980366491414906
642.9353193254099723574791
643.7086090357347737622741
644.688621108691147121308
645.4342277749353131710588
647.1287069788668746994656
647.7720098755977568671963
649.5325606993842834313595
650.4828324410362492713516
651.5646526372131356552613
652.4314158678589096851425
653.3909604726604145597008
654.6048833260269491418655
655.4721564066804598169854
656.6523173020637562657983
658.1130222023188162339155
659.4816164227058374436328
660.3047366307787202188738
660.877547192987197810513
662.683273283305283918313
663.1048200894569463415029
664.1431885894008940951528
665.2954801881133940710845
667.1170933866885791374593
667.750455075848276287335
669.0218895493720458134171
670.1629193469657996828952
670.9324986693508945379032
671.9981891432242646189404
672.9679327536605393689267
673.9996126130247583674343
675.5420274286742325031736
676.5684655101175684066602
677.753945252804822807495
679.1142482311373845149702
679.4577304240191752526854
680.6148319499675585220231
681.857395634498382541726
682.8638155514852771332856
683.6783715574975664353063
685.521930919512703006551
686.6984289032649664719134
687.1556949313100306042703
688.5223614583667215427501
689.538454810142639850317
690.3169227542557001342564
691.6569437132778849886043
692.2113381841707886010844
694.2221906007831753626697
695.0675033144298369691733
696.1459920576557630411736
697.0633412799832699491327
698.3865354628259469294046
699.1544272301559084681396
699.7747478100384109112095
701.3975632214916151596694
702.437468961824410662592
703.649457057470968912588
705.1371707261352197448956
705.6557244124729548318043
707.0475730308377867672277
707.4801038733355367682577
709.0564863901216908104233
709.6493876561047310147559
710.9819196337145871922362
712.28730501009316746775
713.6865762057861228839844
714.5269683747456870293096
715.3806343618823870400608
716.3403504095114779914927
717.8451907315223724737115
718.2755061808348809648868
719.2557667910561985280601
721.1089710256133802346376
722.1224237670195453375819
723.0249893823063860764998
724.1414192605914852407588
725.3413364947927231440938
725.9314610054100167957425
727.0359844240180795083073
728.1280482150449923750625
729.2396983259437373448077
731.0017594091248280818787
731.3706074388291280996624
733.0055188712262523864708
733.8479071231663116492498
734.4996221020519694633393
735.6731395960382887011591
736.8324802516314083078514
737.776420415364364302498
738.905172329141923270875
740.7845072295829492503646
741.2484751409866337468277
742.1738853081238492137648
743.4562505476215012123551
744.2973415290655214704506
745.3650409126463603826173
746.1862055822076367661644
747.4844843455826175926482
749.1035679717973270186428
749.9267784341526510871824
750.8473130747976998833417
751.9482260833402481381507
753.0602147996005481189822
753.9185753372820759210608
754.5724758326966469468371
756.128191497087882666514
757.4240554532332726722727
758.2802182252336375967245
759.7540227030243567441033
760.6282770981918158526099
761.2444429911981874426005
762.5908272166265046365738
763.3100550264148314028121
764.6279540171485532340599
765.4658399195164594885997
767.1901423824595600109521
768.0021656690959890312431
769.301302911076474444494
769.8958429050248437164418
770.884345438808894712688
772.1999669655394900047532
773.1601292184248169547892
773.6085763719094135382285
775.6985221004328369787211
776.6029726995279620638351
777.5885002573485824228877
778.4480186972737730144539
780.0118153170835046950156
780.267741862821769771595
781.4299093936495541612526
782.5671197636647665518791
783.6793335766672480957693
785.247352208978176335573
785.9751149461528793693886
787.2033396256100250099152
788.177582168851063570979
789.1922411357444619994895
789.7200634714278937309573
791.1905583302416641089495
792.1328133084700422017579
793.2057338391309915692875
794.7515276416047324659179
795.8378695406058152883692
796.5455736338162001430978
797.3689606617934426680099
798.8175792686610808601805
799.4985044839909480885004
800.3917836965076961775018
801.6609761054925773038456
803.0818930668000977135642
804.3361961742036793765573
804.9658868194199005330456
806.0059841091561647630324
807.3345945651177242297191
807.8459029274137467524607
809.1717466430555017353865
809.6644491040838683915237
811.8320481017787745514737
812.1920792656544325183289
813.5983140380647608225331
814.8363220435619158621535
815.4764687319181245328651
816.4077885966892605296267
817.4541943546967484479752
818.5666645646980615680493
819.4900185263512472744312
820.8445076139046637564551
822.2620411345026585792202
822.9324768190595225547786
824.2263725114888583078828
824.7895447192018426818669
825.8768526128052553048184
827.2158224373358667236409
827.7448231294202020791438
828.9176996549267489200596
830.8261103680654617420609
831.4532825582916050422123
832.2360632993281075897708
833.6150908826182192257316
834.3899321917643373325415
835.5522947534417308901436
836.0098582847601139889218
837.4799265298590764672452
838.7310231747385532941179
839.8891421658978114095489
841.0182901140903521053488
841.7572000964498190711666
843.0439030975674622681155
843.84345238427280655459
844.4779211675936007708417
845.9466045257740940854904
846.8503853425246578723448
848.1161386019675145320338
849.3749141993481085677463
850.5308625012066205073457
851.3182858560692469751663
851.8806078733263777991303
853.5153448535441849998185
854.1389287857235640189081
854.9886454332468719741335
856.3623575976723909519841
857.8204516676711630651789
858.7628642429161583749101
859.6365592328240783359798
860.6370802027576356607735
861.6311401167167165482535
862.7330614713258828629844
863.4032481952453341733784
864.4253139611600605718562
866.0778724198237309650635
867.255797767924677899046
867.7113912314701327233166
869.4243658715523910274357
869.963062374578766267078
870.9039279534106572811113
871.7689637495170043024617
873.1849372931628817440386
873.7964314431511983372192
875.4128819839741456832062
876.3913904264608536465322
877.8057975632865005621999
878.1260611132679233748069
879.4363866429915272959909
880.2697642121314753893706
881.2165699434624787756014
882.6546276579918600902069
882.9367662175147561498684
884.9862021650770355307864
886.0500103852549901972831
886.4903606213843556105455
887.7295241075715853895797
888.7938073023511318382514
889.7917997428082262701008
890.4169716562444012453324
891.4998737352183720617104
893.1546273356171486313015
893.9263092710542967012244
895.3406240380287055558185
895.9442780822350460567961
897.1898121892648003239558
898.0233347960587888536723
898.8965183746390064101364
899.8145732770229809460716
901.1178461882276582883834
902.2725211064735095334301
903.3323337035685330675962
904.6828560134566448169838
905.4770575836091619947868
906.215910282840723866116
907.1888457060289052691364
908.4767663164280509846553
909.2936146744497431626547
910.0183328272632994782049
911.9719595230666282503768
912.6401137335830842545199
913.8881330731993624993955
914.5634256715809673465864
915.6612881361191529805418
916.6578665014642925967801
917.6653981526862846607183
918.2833983273549304016124
919.7198008766656844414921
921.2189430567522517634427
922.0790037133813708436503
922.7225182642769969021413
924.3169298615094643167835
925.051520255144120241654
925.4752905914472751902636
926.9441078388910174368235
927.8188151597915986457125
929.0828234122019200214042
930.2016677377835367934738
931.5632436802709595014011
932.2040673065957289367151
933.2979530327805814948778
934.0647200641804698051392
935.1973695333508739935288
936.033294883535507224794
937.2338231503482443685036
938.1300351159512221244106
939.8757819241412274635671
940.6094731964044239447297
941.488780781108140516269
942.2767249823005617059857
943.7347207128328332004253
944.3595487574863323487785
945.1428272175800355370281
946.3337466880346450892627
947.9313340620183584661643
948.7968318077002063404305
949.6809978797909675307691
951.0606377628507420496389
951.5458215159980635888842
952.6928266346553957788529
953.7005309256842895848678
954.3125066540761462619031
955.8664605382454805493383
956.9620439568682346731551
957.9513826889784784413026
959.2857540808413876476411
959.9433908873621572155375
961.0899696078645373376081
961.513983892967250355358
963.0592763695673898638494
963.9308973739743247932699
964.5653002268966911714222
966.5076139971614292534276
967.2924407126569445125633
968.2253798169344751301005
969.2271588678808047490102
970.0494697820222587125764
971.2729884550159571432497
971.9427530224841088823989
972.9602286868556067389629
974.0848602375804428987788
975.8559953971539574268986
976.2983417121830132856571
977.3863153538661197927736
978.4002506460377350805444
979.7133794093729324714601
980.032372995223685663295
981.0047757189270267730351
982.442441268076666105462
983.3724918043081142826667
984.6379578687552236004921
985.7452643520626683226783
986.7755141735005739889221
987.5130132937347330113245
988.5079760309537835638641
989.3705241750265788169874
990.5970163452638391987696
991.2384329234069635816744
992.7201501873716825485921
993.7485809309355847318606
995.2030390473339675594439
995.8472566760265035412709
996.3596017762251502603073
997.9979867014642788802855
998.5231520545732276872338
999.7489080712333571199277
1000.21944615498079507177
1002.066423941194668501003
1003.259355080664141368635
1003.711969092642315004588
1005.064773374228161983984
1006.109200139995986589275
1006.633079143350478190661
1007.931783120936537656581
1008.560886719611898953991
1009.755946314071967506726
1011.210487703970563089234
1012.093279992429805602689
1013.153044691379680486427
1014.26871575830645078043
1015.170888423673751432836
1015.759074771730204744819
1016.855166302097005015532
1018.167836827860643111882
1018.745053939814514265556
1020.054419195664886999004
1021.698795994582721036188
1022.267841945875393960825
1023.080746002649711456918
1024.268282308693644822035
1025.135859352347104689336
1026.028832212505178134172
1027.128011290504106867167
1027.79821011307200997465
1029.565375894751928242959
1030.469330625495978992495
1031.534803519117106063168
1032.155079373223253114138
1033.420415854856765847107
1034.451577030341082164004
1035.024584714717625288931
1035.866812371339861797996
1037.571402110307007049531
1038.258996668396681073435
1039.684876820944043984699
1040.477374305723791181325
1041.747311852314062363692
1042.292787835504938342981
1043.182901170051186667822
1044.482160338277211408811
1045.111515938034116501856
1046.323863083078177638187
1047.576933413483459744954
1048.726006759266053691705
1049.761494290576597521182
1050.731742526304328677612
1051.181529944342985416484
1052.521907551049845963576
1053.642893815551041214463
1054.1249807392107296522
1055.221522197406516241358
1056.994241804126736283819
1057.814371558277566620631
1058.544310178662985677533
1059.722089134092496109928
1060.683182927031789333226
1061.670947267697930627149
1062.153093054789260563096
1063.590379186253955268169
1064.320359338384100666983
1066.05867561249120321065
1066.708926770677202355839
1067.722476056774783259582
1069.057434634963661679305
1069.544959357983790582122
1070.544478375857531560197
1071.429232099827762070273
1072.595559303083317459478
1073.64653907541063837527
1074.563997972105045519693
1076.357463508132022056425
1076.779586572375830755273
1077.696257369104295165125
1078.682741822151810495706
1079.813840789412320120272
1080.51032800405521747677
1081.604821681330194493847
1082.419111278600034253822
1084.11559835195778269678
1084.940059612516209242011
1086.062890689825782075666
1086.665715733112155660927
1087.812739866777992503437
1088.923980005516405711312
1089.583857446053733397654
1090.324004641101508283888
1091.776134101122928754527
1093.335557079884731379585
1093.537958815852608651645
1095.170342487984519763691
1096.003506899726919598939
1096.734332231483719866096
1097.754237829099808365631
1098.545343951685879702031
1099.850492236275701785066
1100.49918741182928663135
1102.023168229060275180576
1103.068485989999115659533
1104.079470349786969407536
1104.93499386785104157126
1106.026046627550092793502
1106.367206748906846414105
1108.253408497397350274116
1108.387000667561740740996
1109.456744070637462229445
1111.136612959333639949466
1112.205279826471739923465
1113.058431800573886860649
1113.657883396596466596394
1115.127439535876002096858
1115.897530638027088301088
1116.482576877646468815884
1117.672572575256151239374
1118.689880849221124847745
1120.019645503410721332202
1121.224215461249244540895
1121.835830711083081823162
1123.061136480413348337478
1123.983178102446631996244
1124.770469667073265540565
1125.586541360683055401622
1126.644136122497682705997
1127.885111778417221373145
1128.762442030695595107643
1130.069209732966208647993
1131.279024909189640979418
1132.002814934239605904038
1132.621253476926163372679
1133.818192052219044896316
1134.960346534894098269302
1135.487639151723739061578
1136.578705811676781323155
1137.940688662712317480423
1139.141688826627095565396
1140.255228811444141356883
1140.607481834181450963665
1142.073913151118393116671
1142.627217346517086937733
1143.915622633813972086595
1144.550474070573316609493
1145.358922799705859674172
1147.233786950919625624559
1147.955666068218480901899
1148.768205516913576857954
1150.16606545875933385046
1150.876313783235180565591
1151.682220162911885452652
1152.616433799632731549402
1153.55004834570900946742
1154.785133418191897547423
1155.567784360057435932824
1157.157343550216037542078
1157.9290715318207038109
1158.878137520166346163797
1160.125580174569476454827
1160.340643019173598204907
1161.696030250731070410075
1162.63230690988215805246
1163.617398033861468675786
1164.388319374587063848002
1166.342697906321057743616
1166.781249241369483016205
1167.908303691738337093374
1168.50691629391241086464
1169.961470312332929566399
1170.575986910939410634545
1171.430636210640151162441
1172.314652655377669887546
1173.78981107786458188966
1174.825609925989822457356
1175.877299086723414589503
1176.846462572653889466753
1177.582547233851807177959
1178.918214124265117348474
1179.397423693009463008226
1180.276516687676830841243
1181.511287056118064597827
1182.516980939172766440466
1183.810244830812277783111
1184.608689551864624789318
1186.043120439239578800511
1186.781619775481318512761
1187.170880163872224599658
1188.507787880721945938916
1189.691930645635988028601
1190.090190598975170033185
1191.319744677662621157281
1192.681315316779583568489
1193.949491387389386787247
1194.506601967793826801737
1195.613016300518117063204
1196.39606753500338278681
1197.515424395793445810879
1198.27231135306575247054
1199.345828217290655359731
1199.949191441713496075749
1201.867764406296002377416
1202.613075078505288573182
1203.352626807737423675348
1204.561036695374930971524
1205.574978602752451095624
1206.386374651737554231089
1206.870739986276958788379
1208.35493413435683258683
1209.060702227052690815865
1210.436886850419080374761
1211.393668695047047023647
1212.713202864096251332168
1213.330286822990212769466
1214.261624729065155392501
1215.320107255371353360826
1215.948767519426771244181
1217.121271432162799541739
1218.161376196747753297696
1218.914551734135855909354
1220.553895882461805300063
1221.715887028867568986352
1221.966952563309349599758
1223.187543762181075024382
1224.093880719445060734069
1225.185800372768558119668
1226.099540240150315995032
1226.410378973219142650913
1228.338446556298243095278
1229.154425226690527850331
1230.322387496631845138489
1231.121246299188656436734
1232.129848084695816723404
1233.027815540167918939567
1233.990335522441221982596
1234.659425149264796672803
1235.717873826207567233829
1236.929558325939646223893
1238.191952895926982236566
1238.908671729355245005869
1240.228382136502564136995
1241.112261321549679493606
1241.805221968116336128665
1242.547110067957941126328
1243.847463827248900614099
1244.835242492013212611814
1245.315039672555792193966
1246.945864614140524295739
1248.28824342185908768953
1248.684652143309114435955
1250.045797853148875233831
1250.498502307853938120264
1251.763960738582525422646
1252.607727399333730389219
1253.433526551774216173374
1254.354864042242514088332
1255.675542495010099131025
1257.209712625192119972427
1257.620219347300895051932
1258.403572633627738852612
1260.124102348884749247291
1260.294074107772217629973
1261.336995515884309426711
1262.208233345727921559374
1263.377143215752322547005
1264.517144875020947480934
1265.565907312424038266826
1266.63760569422193746901
1267.753839159988458717961
1268.377211044218779889533
1269.229489412498963574179
1270.585246080966074444503
1270.782800725506701766661
1272.396130277645000106175
1273.010402868014158528338
1274.418225634057168704756
1275.613479212160032361096
1276.527354344584027145954
1277.167260695663906133729
1278.011746673481863112426
1279.357217102978117040363
1280.025510644006871174821
1280.809960385216560396753
1281.797801325121765003683
1283.616486544831815663752
1284.108782173243038116066
1285.132601778525373603638
1286.227015838552838644641
1287.06251131511282288498
1287.876453286477348214571
1288.942052212459092075373
1289.588042514838284446891
1290.697527947579979112883
1292.223704407796498472274
1292.868488768309219594224
1294.11026011070071852769
1294.948433606934032624715
1296.030475945473776633301
1296.744989003874277599928
1297.312215266816177106059
1298.880293578181128211192
1299.529349754942900929656
1300.37434807917394259389
1302.182882776683264225404
1302.723589809441561371251
1303.933510652676471508449
1304.489127621985817384576
1305.539207083219087124326
1306.63132426088559903119
1307.280432421765228312415
1308.315695070105257613568
1309.245512857723464250602
1310.744460524593970163186
1311.793039721188946700157
1312.529694351138866537075
1313.228253480203305869598
1314.639921620881961317171
1315.334740848833252258008
1316.026734196345523386615
1316.927860745453837765215
1318.26380595410611427096
1319.406926009123551679611
1320.256143514234311098195
1321.501190719119628980112
1322.288739978766339433465
1323.247083260591080389164
1323.935840289525298274471
1324.908263960861800612152
1326.116470292772967454171
1326.575381802464169211903
1328.252148194261914326803
1328.898020588728794066897
1330.467655979396829835054
1331.04241753587714462978
1331.877826672666470741973
1332.694203528343888720514
1333.926854285216535700414
1334.742176931362933700569
1335.451958773370771993399
1336.509090495325743930237
1338.322998205314831565686
1338.845829612592906343564
1339.577578801230509597501
1340.927092826448591367209
1341.674888208238202835757
1342.408310255474771466281
1343.625286861299035123776
1344.083369331097481946782
1345.414975334034818033016
1346.712983031241458675677
1347.670027437123735225523
1348.512691342919848480588
1349.552744646831079577933
1350.630935501372232110352
1351.16865254227358086322
1352.018490429227482607611
1353.165580366102152609609
1354.302118242876960962884
1354.949617028272141183687
1356.475296018153124677463
1357.606906210941764712141
1358.198748748513031259188
1359.015237836915865798881
1360.172957191518437625143
1360.87927574589661467993
1362.027515880035614870246
1362.629223738494274087395
1363.807007772039404969143
1365.261362853840735098708
1366.127786961009576671664
1367.075464211339098952145
1367.801226581889205036155
1368.746619413061734249446
1370.034684542507568849565
1370.602307042209578113975
1371.099480685508178723317
1372.784852340490933286751
1373.733182906443721904529
1374.936352563412552640861
1375.525939604181101216758
1377.016227798444916530192
1377.4551228102826538446
1378.398256461156698904309
1379.222922142781922971684
1380.496194917255120415651
1381.005789388439061227093
1382.434901210441313779104
1383.559794767909196266903
1384.408690100317243931688
1385.8025677689340103171
1386.066174982551017436055
1387.060995247138913200007
1388.125970780260259473908
1389.068252118544981854557
1390.04119937290354549471
1390.58825340161198802487
1392.534211630904139766999
1393.193476390440531176255
1394.143689543654948081966
1394.812943891277950925159
1396.115484553199660311365
1396.986599237117993865767
1397.40563730450574375648
1398.726821826202057863455
1399.473188909382392708338
1400.910215773915031078857
1402.081979574699226631608
1402.636689923620114583926
1403.782119262215379151783
1404.842195393122965540967
1405.420344243065778400093
1406.458616758890300602004
1407.11884641439115206647
1408.431419378770385364375
1409.470570191850378804999
1410.292309510070284872496
1411.855925691596341309219
1412.592598632794752333507
1413.102127764943201881875
1414.299675613903614745891
1415.086602840894733290565
1416.133577333946110243755
1416.968044411122073356023
1417.757806687284210411757
1419.363348757498784991025
1420.251173525925772977938
1421.202632366794447449318
1422.148409628852845543132
1422.693518642544767516209
1424.060191791452637488599
1424.761769921829998253268
1425.592114680595965836526
1426.325955624518152120524
1428.079862952462533343075
1428.902954973879422340084
1429.662194265348735910899
1430.865655131701125668493
1431.714633924023340938398
1432.740003309622701266285
1433.069721668270644698801
1434.428986102663024126919
1435.235189223668050573174
1436.31845589696529046359
1437.450823697028898351341
1438.769806906667093215851
1439.242663225469485865864
1440.524659009189725367099
1441.355853263076460990482
1441.728670975580391910802
1443.177867914730754961232
1444.083521168199101936073
1444.637393137970716594457
1446.029943086229277326941
1447.367373925835597248072
1448.419767418911256839867
1448.661028132338717710983
1449.835331109336670607437
1451.034668215528299839381
1451.761824280422779764823
1452.311919442586746953285
1453.552616449537287479589
1454.582119893508762942193
1455.929857521543095089046
1456.874412375274419417738
1457.453942799879212799342
1458.928057052814558147647
1459.217264695895745063526
1460.737735937892617954448
1460.858609092066105716812
1462.101136778740626453954
1463.301952613425087434906
1464.395146978551367311582
1465.207857085180963707615
1466.632011607202851877162
1467.284802268945956171763
1468.127921953332380411382
1468.772544053013020715014
1470.12896637312205356801
1470.817155747939562360158
1471.627732049227611099638
1472.80040272790385884599
1474.13975351083318159334
1475.152714505941971623257
1475.801299383133297027312
1476.814786309210646919551
1477.645668910175877641618
1478.571534427441026338042
1479.608639342809717476198
1480.292940232429449309788
1481.103834962722401513642
1483.088636648875174017743
1483.448407919025770951233
1484.37383343109683337951
1485.58213591070642181074
1486.411529089329274455561
1487.223339060546555145887
1488.081423587294744237336
1488.763975406679454493935
1490.350148540929632900936
1490.74152642698686079819
1492.398676832944443759681
1493.134213610384814074843
1494.15053344846521881089
1495.019530993040715571789
1495.894922916748605956564
1496.609151755927631910418
1497.596865785602410170378
1498.862606255128510923605
1499.259475965541046349408
1500.746052805633309645827
1501.944227411518898662734
1503.025413680247009295953
1503.324321050907177976796
1504.35839374244073027853
1505.647735677599694525951
1506.237050287971836581845
1507.138461669048781033096
1507.867858024242806180835
1509.480126415354381919085
1510.347395442788366182183
1511.367227980130211761886
1512.302613813965142952608
1512.981590090852328245316
1514.269545298095722074546
1514.803536534837478910728
1515.675742004819664288103
1516.653689349274456077406
1517.732410191480877159616
1519.16461487851669076576
1519.653875665173530506986
1520.91762930547061003494
1522.059000888643942772655
1522.607398860595137790592
1523.154394004197809664442
1524.620004687947410815235
1525.30616206334600590821
1526.160657385698939236812
1527.264889174224624213133
1528.630681954490665219731
1529.612155999749236201517
1530.307485599797016817541
1531.146857180577467971709
1532.286074558297762138175
1532.858754671153808857291
1534.016853674425575348998
1534.883481714116475558277
1535.47241544151835554998
1537.333040626520087101873
1538.057591037799533495437
1538.963868779725040525355
1539.614213348670785563846
1541.206093085898543648673
1541.412892919159606464055
1542.465165516128644895834
1543.226926988790564365663
1544.425931717469074300188
1545.523716369871474540777
1546.503151882185029108986
1547.60816527357741207992
1548.620556139561941932915
1549.21484939891322980542
1550.317497989833294269591
1551.001479220567197359049
1551.95750458938287081877
1552.876113758663941410976
1554.075336269812886058605
1554.748770756617245325503
1556.512707867902039282614
1556.920568990542700049661
1558.034515884984308087256
1558.675897328045130763018
1559.5576040346063784625
1560.975091974998436938891
1561.378816372703199277781
1562.033713035254961454244
1563.637748721728340939294
1564.86900993505682393446
1565.420819259036932891135
1566.672066385359853057921
1567.255905908647039126421
1568.379121827648256015649
1569.241574961135996346669
1569.901749518816466633083
1570.9026824689712164229
1571.876135820313879065664
1573.273023853511779890353
1574.215509241403051277059
1574.837104272987696873527
1576.28589781252675336985
1576.8937214405502395209
1577.616278200618322813381
1578.436669176879274090181
1579.657507167353403332282
1580.534281190383043025332
1581.234006943030659186871
1582.765197046167968863966
1583.813652535417985944814
1584.485465277446748899574
1585.497612899515460327375
1586.145913055522108692212
1587.299035210103516391182
1588.075136183145064450154
1588.925979498644411336253
1589.866803793095410668438
1590.984795135480434424816
1592.508077910289299694549
1593.172371795901953106503
1593.662591454448450889438
1594.953638249078955624307
1595.956850233884748746484
1596.606450536397168349347
1597.30704419232381141567
1598.395953564640732480463
1599.532005297704602497767
1600.929052341996071362452
1601.247525452559606407
1602.822569550436755747547
1603.528357391161592460072
1604.065398096497074931199
1605.458308535037479458629
1605.802252367149132084001
1606.969713213599209922199
1607.961463856482043155415
1608.973127595458485217227
1610.125945288845071701166
1611.178621753086125778485
1612.222945183785210332393
1612.684752066552596971836
1613.62016921067455186287
1614.629727276193799667656
1615.754353480761518113671
1616.271771322712493912352
1617.105775224768638764747
1618.941683240343635219435
1619.550800255624439927235
1620.515528046929041039422
1621.290581827947185189461
1622.487663426970895130782
1623.075980784306198501073
1624.005523130124077368892
1625.057150003124105097614
1625.527027586626062571868
1627.154796888325119397196
1628.058587856009908278993
1629.130975577077682459021
1629.774469883452663765383
1630.993229629995972373962
1631.788991634373396522023
1632.570384503228395800506
1633.07272735271276857813
1634.911312474668958571982
1634.965989497392569518268
1636.34711370875424236712
1637.710512917978763169884
1638.488418116010290503907
1639.490122555603897325197
1640.067211991367077672491
1641.039360231996482042375
1642.126587172662640767809
1642.831157182200565358668
1643.66547040669694510481
1644.794788338104115865659
1645.935201377985831783204
1647.280273661349902880571
1647.846691436792091423027
1648.521463364249283500808
1649.678073126939047909868
1650.683821687347050755047
1651.369484859885729832708
1652.084142194941599512926
1653.071926899212088102299
1654.678284607035839570666
1655.247656826424731235614
1656.396805668240292419535
1657.248400876856106123081
1658.40248676370994687087
1658.914349219085502085102
1659.709163894152623441835
1660.977671033259803579051
1661.482115133755035429851
1662.689195490589566617211
1663.887054057490043845711
1664.758282773105069196582
1665.908176897333741095473
1666.790086600754928980415
1667.512860911879740655159
1668.136158506744508400707
1669.537262692402723729365
1670.015675234632086443262
1671.366854229961374045351
1671.616569032905120906171
1673.63761215118285790023
1674.519552991636493999257
1674.744891185821109758044
1676.128601510102343041771
1676.9860046088763034788
1677.720944604960329371541
1678.773725916136904601179
1679.364095862180122509206
1680.428656201607137887739
1681.707038512711319100351
1682.857849364721460716471
1683.541351646427822430457
1684.553017010385287477408
1685.384820030999691908807
1686.551938768281038250012
1687.027035232552092480734
1687.741848798323707825335
1689.114909341359716421453
1689.958917386576117536338
1690.957356291614724597098
1692.113778273382317962573
1693.363499447450121948536
1693.746048819653014305645
1694.736332939836855615526
1695.554362649070686330746
1696.618761398687748709293
1697.40758526166887136806
1698.238042492517949000288
1699.258469819515075727125
1700.727086644130290693468
1701.442723754257402646274
1702.511947000872897461889
1703.272968367034159342622
1703.846240385242806070166
1705.31468287295375816366
1705.943314004099394054449
1706.465486098191014008263
1707.610492125472007529608
1709.050468701427033835172
1709.995133700476272764446
1710.727250996811074656944
1711.680422842812210859575
1712.905801155137935864969
1713.432601853789395107651
1714.152249965516582363944
1715.210946738937564504067
1716.292586735110636908484
1716.873060602257499596089
1718.618810947503670405421
1718.986696750925774068672
1720.37119221838472000736
1721.206585686080052965916
1721.838689796272507948014
1722.871689756036362695066
1723.481220060239017044476
1724.80322143677909210164
1725.483123323890620071049
1726.259876917885016922534
1727.818367660649057171392
1728.912395187780824556918
1729.537525109495116026843
1730.114624741560383114298
1731.513291121218458812287
1732.143487130196002254885
1733.059808308062877557582
1733.765100440662435943246
1734.811079641788754912518
1735.991594575820727897003
1737.27837748170029996681
1737.894770122946378165756
1738.838482601682870409781
1739.788153121340736362248
1740.772197311365702176948
1741.362447422082210124421
1742.453442063973414377591
1742.925822121253964525016
1744.576888484171946203053
1745.26064832638103681001
1746.244643102333571249521
1747.761523899716527097273
1748.042250717660153469471
1749.085157652854109500087
1749.842011638144168017508
1750.766074787882963192889
1751.851824069099462377554
1752.526830019432086515909
1753.419747286382905571091
1755.018983231342696882339
1755.692875547225633425742
1756.712059960100717859123
1757.686546556771916272
1758.100685234315897531533
1759.348077047043205567379
1760.201301996695398344117
1761.224454315582948282726
1761.426776632010348322355
1763.192589267233618244235
1764.30687355519048011837
1765.106952681873081445418
1765.686633736190821508615
1767.089380321492152603412
1767.767919736900116589538
1768.456596110671710420036
1769.334808170110206759716
1770.294038057125765561693
1771.404214190156258013018
1772.271516408121531327366
1773.67287107949457052308
1774.304429607215099196024
1775.273410541563253417449
1776.377171591029324559882
1776.854267143710288934185
1777.708134761274623514223
1778.843282433666379205247
1779.689515448844320388784
1780.541342733380471230416
1781.667514076177051407453
1783.066156724886530326952
1783.735290222046206309809
1784.666885242610734252306
1785.037212039491466697367
1786.604831224076112761107
1787.310705559250505558505
1787.694641184897427166273
1789.015421052827641545885
1789.866778953076953229067
1791.521703518676675770332
1791.883698075707246033455
1793.024839130868023317982
1793.839539176246713481015
1794.795644259749465021451
1795.569180809815630794838
1796.593641349449358557359
1797.0507271492871872453
1798.241342946446744832593
1799.67530383477254147806
1800.250480104963002503382
1801.340035056907752419874
1802.517838311511304283385
1803.217800322508779942154
1803.856745699564874740871
1804.7599833444023765594
1805.816032403944924311644
1806.760116795507722287083
1807.374636659007050099033
1808.690110116022749053853
1809.984917467322841133635
1810.642871221718994689806
1811.63868441616979580999
1812.293684097364263863025
1813.390471702155674194043
1814.000280815255241151359
1815.222715083867654328739
1815.872926428632265327675
1816.579826563423161900342
1818.409684027693091223905
1819.168472909549601723707
1819.698228528652696667218
1820.932549655008414646313
1821.621826834877646916761
1822.892726467680460444848
1823.23933143456027536899
1824.016461765348120849234
1825.36854448753020605522
1826.239009810803481315128
1827.331146234143903228636
1828.428431444435134523013
1829.271678488329806810946
1830.030768905103517596438
1831.165963773511023049416
1831.694279381768311765193
1832.495411922349344280285
1833.817272194937498142046
1834.296811310633409419772
1835.65208963459710318488
1836.490894173032491920586
1837.95747660102650726798
1838.504051775972870785827
1839.243725913791556791912
1840.038808477484294456863
1841.271701265869278785194
1842.022148399372164107026
1842.718672895607307538048
1843.529628518268484782529
1845.187135460735489544949
1845.849372087066179659577
1847.101194164204002134956
1847.493098167867442072055
1848.727399257674574783995
1849.451087236487666842766
1850.393906644469277722454
1851.143317710957077082401
1851.938595664856942590848
1853.060089886366908018533
1854.389255014970553503406
1855.281507436333578908704
1855.822201881757752772716
1857.306353483860903708079
1858.099462915954325836752
1858.311617347310144765503
1859.534946723074641994332
1860.537944912442198841505
1861.348564785571610258317
1862.276050059603920061577
1863.420593183030738515513
1864.676811906591569112365
1865.556782267949244413771
1865.938635930114144656486
1867.259809842480692765306
1867.861894090913934718386
1868.75190515981146361922
1869.866653840786853635321
1870.463054356402738420669
1871.443373072354956576631
1873.093980615197876460327
1873.737661090731896962309
1874.559176617199280912002
1875.290943586294954314992
1876.520672599474999486785
1877.21120061636458800079
1878.168599886713399627053
1878.532153765767703390549
1879.941960739909067257241
1881.077512961515534328765
1881.918469765833793161374
1883.017059778017878812744
1883.837748499262696810756
1884.909952035599524577929
1885.323184279711615118895
1886.564488717571241949126
1887.12885803107431925694
1888.062199620423898949165
1889.338484079304551954673
1889.972161179580577794449
1891.390719948112516846075
1892.200620527488910482797
1893.200861831132541368541
1894.045901676412299963184
1894.377315717670469297198
1895.765522940291123887826
1896.684627461828750227803
1897.30290438896329234806
1898.015768785217465364191
1899.884713493825844210484
1900.357732155791949679703
1901.492525313374488149499
1902.226443498350256078289
1903.056572543189172819189
1904.167398388994448765721
1904.829555120936147005728
1905.566504745567331013922
1906.650228793901302282143
1907.437552663666716767898
1909.070117945602304843055
1909.66479768861895323082
1910.41514388332571670046
1911.650240294452789413502
1912.477674724835213027039
1913.20229314918890182182
1913.774404255301268307197
1914.9797123245414475434
1915.972639066796279649882
1916.702947319212264432029
1917.940660136160997950558
1919.067022605927423484192
1920.035955463851222901869
1920.490903403011466110658
1921.617371949230172134523
1922.249906302506919786284
1923.571900188068159565065
1923.833645517475381581081
1925.160569016752408089106
1925.883584926108870405388
1927.342753309031322572737
1928.314770316192967669594
1929.157032141007773162728
1929.50575754403071400131
1930.881819856787384281888
1931.837084275842001801465
1932.239786981368879281689
1933.360332711079683321003
1933.986782364009795998044
1935.683203065694225841724
1936.402774819741915024422
1937.095924313601479838069
1938.670055806883187443616
1938.834964522635110739627
1939.969200460683588715908
1940.765365837538990234604
1941.616711595639707610387
1942.436935574017864070098
1943.528127633038511845567
1944.569454804789150870162
1945.588627817018615218072
1946.604665515296924382906
1947.534287342699828826622
1948.262870492637703279084
1949.130617846089291589319
1949.673143692811677141176
1951.323864240891948185176
1951.535978427881939722933
1952.381396233924446192954
1953.84452153180106748206
1955.17544087784264306148
1955.595732714429338017193
1956.443347869233816282952
1957.5478856331886653663
1958.323510383727518302488
1959.121259497143585548395
1960.133607426326337730382
1960.646040935528008475296
1961.88618763102686344265
1963.098994283326974397107
1964.133372499125750465475
1964.815751357048996084096
1965.681465543413808205706
1966.740335165031745390216
1967.74941576555355666752
1968.047377052539503239323
1968.965865011489814406751
1970.374205427185548700172
1970.956094127117079750597
1972.124991857246390480859
1973.278268268873835467011
1974.115892976462995278516
1975.142233303955791967573
1975.617281018439840778418
1976.474761415198931757649
1977.829424210780454274035
1978.153341358004737315885
1979.190823047309637416864
1980.281691198432609013442
1981.320530313846420966645
1982.575890762835543767967
1983.365127044490795782355
1983.897954366270911208364
1984.879942974352118056874
1985.946246745668249644683
1986.669565372849999818033
1987.695054169388017584157
1987.956455396440552618702
1989.630080670628827732531
1990.804649080225311052987
1991.375280003916717674843
1992.257349092269826229499
1993.582260857336921588926
1994.019964055918850220864
1994.888252405003199640946
1995.785744126067968551255
1996.64520975427409936738
1997.589302598779155317701
1998.608253106361981821195
2000.000704663447111641929
2000.376739666757355706707
2001.814240941967903353273
2002.446672403008388840774
2003.146545713175382985539
2004.078203424090119000268
2004.883876849393104890807
2005.966978160706234035571
2006.857906233539456053406
2007.404434081808827983151
2009.321230360646641344102
2009.868922060338559987214
2010.523152618738918562213
2011.567978004870411012872
2012.369955475373692621543
2013.476505283777841981373
2013.916532287498917952416
2015.102520911849084228561
2015.603539275735786162568
2017.23262805804827664242
2018.00208994453088209293
2019.085153861634685057378
2019.822012640734526911455
2020.530484961897557383234
2021.821519911899245158746
2022.479032989026628541704
2022.925173415216260508439
2024.080524048322944707886
2025.175349757205984957361
2026.214890697105251859918
2027.038578970761323461099
2028.240211752728593097524
2029.083998554193055241464
2029.972598289490438361278
2030.374611736282958673834
2031.615079794442998917199
2032.352954147332687995182
2033.431340240455465817554
2033.915785552859460238956
2035.390823841309175889996
2036.411644161650675499636
2037.259934869976290627796
2038.300940567011210902087
2038.796761632593142365926
2039.670334264523483369607
2040.833077924121311497123
2041.667938935908514252964
2042.13115982218845303459
2043.183182370813812411773
2044.690328127827471149606
2045.572211346479642912702
2046.319722270283757126156
2047.033579432499563921458
2048.330173780355243451315
2049.236913821152388237526
2049.325648765428078235065
2050.624382432262965636429
2051.657631658132481078329
2052.253195769236376833024
2053.965806793547059072526
2054.273103810181444117634
2055.703947437231227723887
2056.268244479856624451432
2057.355037779733010694317
2057.982614817027336329092
2058.759067705769293610219
2059.765921717722358863456
2060.727312257042317611366
2061.602212930363494791608
2062.453073803584157275226
2064.171065229608503699354
2064.550181079275548512386
2065.379099599779767260032
2066.20456202428761187656
2067.220131391763334960331
2068.145353085408104476471
2068.827857097120899965091
2069.557312035711364472888
2070.725250315605115503046
2071.931730183648853227338
2072.98739234529476149754
2073.624773446323745673623
2074.519875623463540392719
2075.557636815541820141048
2076.156961946414526920476
2077.397738119355665986573
2077.729378345989109533262
2078.631162538167841802247
2080.128399370862353379093
2080.948526513856820230271
2081.775583913136799907247
2082.918852896058201196123
2083.968324705291293952254
2084.300945645177817055977
2085.449326583267845336362
2085.989791462404927102564
2087.223201153009123487375
2088.087611955634955762601
2088.621493394485997185877
2090.261174283287751762766
2091.062597555397208992583
2091.9161229854295818597
2092.872163563071392644526
2093.653393973523539983654
2094.183778043881539332398
2095.646963290011472480438
2096.066381216834658829322
2096.959338244521172356309
2097.881118458608629140309
2099.388630401319009166627
2100.388105266123128700428
2100.764541174463655437421
2101.732007577549253340976
2103.005255582914239909086
2103.498829720072421167742
2104.465483163834935709245
2104.954402295427829727713
2106.297185337921401782067
2107.103900021698050437634
2108.302631808934332724446
2109.281086096459525691669
2110.053238713862356945581
2111.021303227300348481774
2111.885835082974006837728
2112.587054820625254336616
2113.398128120222076375964
2114.286571585061597744467
2115.408236588663739752288
2116.09192626528949361386
2117.353360584355400675345
2118.275268384109369179665
2119.698061142637254050665
2119.863641999054564024614
2120.479700950590126495849
2122.01118126740444083111
2122.555651377555248160429
2123.382385099600022471117
2124.216063013590808594694
2125.204303972097998354224
2126.746897774555797155921
2127.286521785146049268172
2128.292425938118700656781
2129.016966138488827908753
2130.113993249090018622376
2130.685116161515637855921
2131.725226971064395087289
2132.615281635439617247123
2132.980144130826281667616
2134.612526822704300144543
2135.731038165896247704715
2136.145400437050181352553
2137.422092579219977181984
2138.29513813737549341453
2139.101760939043867182355
2139.819868953629093510918
2140.457281484561129758495
2141.815476091175364814481
2142.395221327246859033257
2143.353906922459555772766
2144.559493485460486539286
2145.771880389545436429434
2146.312444412488063250056
2147.283659712412272568817
2148.055430661320162499795
2148.93536662484313737308
2149.690155575103145935135
2150.793402758197249369221
2151.507488772339383586985
2152.21215254088239632323
2153.992040625660018093856
2154.551465570671326332774
2155.522092055913925179299
2156.115919225248720891829
2157.162737909523776380626
2158.269035977759845223987
2158.776606682534687564599
2159.463848725131850159174
2160.49076787134594539451
2161.912768894887825155125
2162.430129802157812690653
2163.859858814876997001861
2164.424822422969266000323
2165.335987673693029620367
2166.429179057303654332131
2166.936987287701533233516
2167.744577029641970256065
2168.86631243036923777366
2169.489319922762209813512
2170.769704109541977032889
2171.648369046200220822114
2172.623955314254059345542
2174.091398116771348014693
2174.139964300461368651425
2175.232874462088575029368
2175.86148694903687541567
2177.268304638553417618124
2177.767723907044437936503
2178.468159524414875960457
2179.587609806664084288724
2180.960854787014675792971
2181.921738311582920033498
2182.405423294749471807546
2183.527528181950395236281
2184.281062821534668927352
2185.152833229079451626812
2186.108234894188321817391
2186.683328565677452814934
2187.671094505549763908884
2188.61412887783533207651
2190.144322854225453767166
2190.788331232072282972448
2191.317613479660055730827
2192.800181494856806096985
2193.37723532107031374492
2194.173430381576485359554
2194.791882794486718211126
2195.953440018272835487758
2196.74393106269615074664
2197.828949117506943622381
2198.633809138188991738595
2200.016069457932577080307
2200.817310947912458374254
2201.438097948936597703074
2202.309056627119158378015
2203.359146210626462192273
2203.896172827668997484785
2204.927573005259021243751
2206.000334248156183747347
2206.410553317184258759176
2207.944565079813600760849
2209.181571524723141664003
2209.524395499250149299518
2210.703775964979900692219
2211.102362192670819496219
2212.475744017209849090453
2213.192871931297477061638
2213.833072360071871997864
2214.5165729275520398289
2215.980123651617154933977
2216.944057529906275050255
2217.873783051402327970411
2218.616225074254862903419
2219.863348919528875313719
2220.314369291784564808242
2221.230245430074726442601
2222.356902176555451688929
2222.579041599326537692579
2223.978456202166665178739
2224.708033945124291363955
2226.03187070165957024412
2226.725998011485128102977
2227.909747138987106751501
2228.677591980863946474728
2229.612235488048826681479
2229.988203696976894008203
2231.061407742496418649097
2232.268142591501787563829
2232.882298142655081818447
2233.369080234366632708969
2235.188457605035241471085
2235.860156691849659438247
2236.922513003216136695499
2237.533486408076598905807
2238.338277134894426723092
2239.508341900764718701537
2240.167937643756990695435
2240.799128853372439351658
2242.011611704977453740609
2242.532139489546752741914
2244.062137585017099894427
2245.10569163617330232793
2245.653591742978951373258
2246.465069839732222334274
2247.766501002481916060529
2248.381395415961402051121
2248.958641350270588787876
2249.935692437473922922177
2250.805755869721181028321
2252.004399790031553862913
2252.732346022750250114054
2253.866889294120679920719
2254.992363733777545320403
2255.703460192182640042769
2256.404121533991845893719
2257.253473220211480310093
2258.187797883858853964478
2259.025926692249100113907
2259.826167657133576227545
2260.753441756608199142386
2261.810808385135774045659
2262.935296605477331155464
2264.119798784520163081844
2264.532790578416574334107
2265.282680720411364205767
2266.394937039473193607329
2267.229486641091173026972
2268.062016336341851996359
2268.811688912898585357389
2269.451990985490976271385
2271.214458708765759098433
2271.919926006378789651271
2272.563204038806275519809
2273.724056006889268388667
2274.664418712934837429847
2275.182522819227666133164
2276.190256045313429211736
2276.97266615816739161456
2277.720807654830496602434
2278.798402879190263803328
2279.88416127186722732741
2280.789482758738036949315
2281.993981599816073213522
2282.410622638111717463932
2283.786764812685189696101
2284.379049461635785434016
2284.705926678732298995516
2286.121124011862848845982
2286.978214167789422361881
2287.643472180038740049173
2288.547629910322576307595
2290.065826368688585290516
2290.999679091484438941921
2291.393284147250817994705
2292.508513123320059179337
2293.169883474326589833895
2294.350600744205971892556
2294.891613475773932151428
2295.75007378212268420721
2296.628449534313016755463
2297.701599992695043539428
2299.036949275849054430367
2299.689963966632311809193
2300.69869531773037678586
2301.193763355069430787083
2302.516156855581898099629
2303.130714833664040241913
2304.053377202144803703688
2304.339928120724949422949
2306.008616581601402373237
2306.523882161479304642127
2307.932492300266876128445
2308.496019360918308649344
2309.778548246505173580045
2310.572307186441803850085
2311.127663172311050487861
2311.911446055632014662206
2313.066734337901828411032
2313.830435743901373513108
2314.451042056075392139246
2315.719233921684031685072
2316.635209779830358200979
2317.7907390291665059578
2318.778451439151773882894
2319.235699805785171889692
2320.159658073270814071474
2321.027609551949708332994
2322.000511919190039833391
2322.850607463836274035837
2323.415543516003813095902
2324.365941220625401086816
2326.14516955517681040528
2326.57272597662160862337
2327.270821465161751717639
2328.489315391471567551159
2329.214981038214836672702
2330.162805703554214886659
2330.708705203844687758825
2331.623278355838514386229
2332.620228296337217699325
2333.429718617576440209355
2334.749775795889903662278
2335.597420680547624982587
2336.366179317865165643247
2337.604705824233356992131
2337.998908869502533747158
2339.139696091998043669895
2339.636534899077586402376
2340.539098037758889603259
2341.823847089850236358137
2342.32564463581489562211
2343.300855007828381104621
2344.825963710194216815756
2345.53347712826693580718
2346.27098502718255801364
2346.880857652707037885823
2348.211251686436875019073
2348.571188661891793714123
2349.896074371225206078808
2350.268194837178847222905
2351.175614824792408086243
2352.785512500782903799692
2353.28620841279526487705
2354.730855863792792348423
2355.025266445029483719455
2355.950819512804500988014
2357.0307303211267559106
2357.881268675767181974779
2358.479163129891606587252
2359.172279456228660166007
2360.400347939557654086629
2361.499256066636778683632
2362.434329600151772154903
2363.166821301371371788435
2364.358469664415492417164
2365.147197595176809414796
2365.82199832283955558404
2366.452368206102334369178
2367.591763364802510949346
2368.498056535831680235958
2369.087448813250755819069
2370.247431114934060047914
2371.420779640280708377929
2372.340150335402130821136
2373.121264213660374053858
2374.191990645815661053972
2374.531423503080967662923
2375.572775072934853568482
2376.594909031671689802975
2377.441403121450502311459
2377.916660383184679261544
2379.073916688521610041048
2380.510601481183139327354
2381.341827234743227137355
2381.979773461503823028747
2382.645549954093228706082
2384.06864372591753564728
2384.750108829110704533544
2384.98573199281276870914
2386.388310979455800264698
2386.935368695269527705644
2388.150418830670607661598
2389.231049149747961024498
2390.179370872494849464767
2390.887610741483432974457
2392.037252731945634565074
2392.622553034809777017182
2393.483760946125102719799
2394.398804756704259233339
2394.934148865906625047665
2396.131154998129033373226
2397.212393189564644302373
2397.67119735177675963194
2399.292420082458234986689
2400.040287675239179776554
2400.771629360127075614173
2401.535079443394543119438
2402.264450348391375911205
2403.512489599786230343169
2404.079439107847060341782
2404.848286243886840196636
2405.739504971212542017155
2407.043755576007549024096
2408.195332055213139454961
2408.711519823630808190271
2409.728213462392486832184
2410.577959238609491166014
2411.205307928283223617425
2412.543687601011422572125
2412.811728808560331316355
2413.794027581001335391872
2414.597146591172452900761
2416.268814357897731071031
2416.682572883057004986536
2417.659358605333441261105
2418.737517904804095536515
2419.555400301763686599084
2420.278680909579629343393
2421.124552182548342926789
2421.647631032821428931352
2423.131909425581529404776
2423.550870756341166867282
2424.51393229002240943259
2426.012478035587320590588
2426.627189001445812976948
2427.532034724230640421177
2428.586811651453952975992
2429.036320405836412561478
2429.886932288065009544191
2431.063002990008479997634
2431.629031082455811230141
2432.600674354282167399781
2433.336577155501091596072
2434.828380278986193019356
2435.769400767492773951509
2436.567792042886161851803
2436.880233751250710128025
2438.265862136779144719859
2439.122001375536499523369
2439.731333967823866970539
2440.394018613756400526418
2441.465801359850383533958
2442.478829620543721290451
2443.624455175274631102402
2444.472382854576428456985
2445.31282464442886137589
2446.358687143302042699123
2446.885224983538831367004
2448.127843341712485170082
2448.42904067108797718787
2449.431198803143281139672
2450.459081594462805497858
2451.238141188510864054695
2452.645929113660415765696
2452.994527287194930664771
2454.62921009991521330561
2455.177717104873816111864
2455.765471312315811047699
2456.593310066100095667695
2457.708709947361744951865
2458.484365126536923895616
2459.265310373117865339042
2459.959327827796234799949
2461.256362189246951999153
2462.525857947124575986195
2463.154141515115276916945
2463.822108219327999023549
2464.955491934606765624935
2465.652075006841472060145
2466.392708017979699519614
2467.458303714394599381862
2468.235692056150130468935
2468.618223520873751652956
2470.416290314379927650619
2471.113753329987684281817
2472.049275898706057574812
2472.751577970586424015649
2473.852962270665211264016
2474.792451765140535968596
2475.185640755249010425116
2476.073536481547885301763
2477.005816777693862462667
2478.21527868790572100009
2478.65007140008235424487
2480.018834544932926888788
2481.045916044957386503694
2481.851452403605538421499
2482.560912304551721518902
2483.514157267678471185928
2484.1591621247476830092
2485.113218459474540367164
2485.902657950911873996329
2487.036780402483446295018
2487.39952595696277697355
2488.913089483875459251275
2489.986165308590502576161
2490.794234968457944745504
2491.323297802542501955239
2492.252167423877236984689
2493.202798642093949155176
2494.242805045458593582432
2494.79141959061452027411
2495.246049997155902389047
2496.820198348635479845804
2497.694532203685968596553
2498.667720282401554499053
2499.645544423503724118497
2500.240780796575560174212
2501.378674658938039243573
2502.098713351261664428172
2502.709879361938934749765
2503.730687209281143879003
2504.47308637084284654859
2505.411885698073698591748
2506.645630328041753642742
2507.469716986596350949389
2508.302352094489712186464
2509.59571163857851630039
2510.154613094346989754489
2510.680240342384652052464
2511.61297558423571771866
2512.922626612827101411061
2513.20068085941732149988
2514.399754719287098936296
2514.977731540610653127008
2516.869326319652390822032
2517.101917471967767170302
2518.131815695151778555757
2518.983924590343203675477
2519.685659662696999561123
2520.888705663685681912486
2521.229733859560263198293
2522.380942482804135096304
2523.024176891569783975884
2523.986303979749730075328
2525.514860741814671740686
2526.213323888011314721753
2526.775975105307353629742
2527.828649313725578195972
2528.916964999146681947168
2529.461581107680486724093
2530.23059082283539922284
2530.992464000239254318075
2532.048376480430841439756
2533.049844663089715623954
2533.966385167510900799897
2534.869845104023340098791
2536.300407247042726766011
2536.550191302437659857076
2537.405911375804108587288
2538.476936194571995741824
2539.124509044917096645092
2539.882653833638065776738
2541.118403665699629101452
2541.549647007170568002691
2542.737917834982039977346
2544.007458259839167880015
2544.781486241344708076864
2545.630908017962875788922
2546.397577521064923899954
2546.933203982558671185612
2548.346634362824807595839
2548.946542960518872433763
2549.515512402758343313249
2550.376901403021268066563
2551.793175772514627652722
2552.92400726845044474086
2553.298982906464339492881
2554.541609881837573681163
2555.201784353385979642293
2556.196719966825929049004
2556.906072098782555457286
2557.594566040229619119339
2558.599778986840522776413
2559.322047852645403764848
2560.451531770986577640735
2561.634831613964244212377
2562.245524423745988684652
2563.38619450610792327435
2564.115029542534382045425
2565.234356748349998866808
2565.495740463721376300974
2566.327845915124851927622
2567.759953273513193749942
2568.253912905218880524636
2568.907858915230062990495
2570.333122149353987850836
2571.388790858127227778559
2572.225649609513312299177
2572.985233996075442774972
2573.508878923061852361761
2574.884598348764377107008
2575.302563006478393248207
2576.324922472915815063706
2576.951656794318484600088
2578.012263245296343683284
2578.946468309800055607146
2580.395921733739346137743
2581.085407177130202427368
2581.405709667083547031969
2582.785070251586166278873
2583.542373844150593953334
2584.252609834157497203893
2585.138885832012920928907
2585.654780591771518771754
2586.886932653606329068867
2588.061719025874405275505
2588.647144418296236523207
2589.834962706468714799217
2590.765846490430158866007
2591.673682996799067979014
2592.016092709090161605404
2593.2059896727328400345
2593.814624456590966161643
2594.942168246334868086892
2595.449704259979190368271
2596.668818766846083434488
2597.549926257587049604994
2598.797890175588756989058
2599.512285978349854786942
2600.433731136995204025155
2600.922007714783396892201
2601.901852035346501423831
2602.908431005370045596649
2603.646736992081444128601
2604.483453490472526681244
2604.977555639127401576572
2606.816734985606166929939
2607.508590299641353027438
2608.11113619312770808274
2609.097263298457668412267
2610.240819219767271164256
2610.619653042668415565641
2611.636985609843652156269
2612.515913721182135276377
2612.984852837722018392651
2614.329161623584612783543
2615.130842875781160472525
2616.307059431401301452478
2617.283705006513122981413
2617.684941228607119256775
2619.18682314782858284725
2619.493675976487376288968
2620.38370040050384019987
2621.038872601321509847547
2622.255172155548547863144
2623.139317954811857447292
2623.615019797533535239561
2625.092827110633259479707
2626.065647046695240618371
2626.936874457264408277931
2627.554429455561075457078
2628.245541845161067584465
2629.36453692337108734018
2630.28897238029716945102
2630.678974975191257357161
2631.802545947907720602594
2632.550291541966907260481
2633.909993885648665212734
2634.841840374052734574611
2635.612524417150978450713
2636.504798106722216033354
2637.008633407740493481646
2638.347445210081642841209
2639.040817050126108966828
2639.447672551909742111269
2640.479859495846279315805
2641.492452551478354649765
2642.71083813147023064966
2643.496144712040861435246
2644.262884660746916409783
2645.456153531040242654574
2646.198550276411204862318
2646.87133883794136792739
2647.458236232108514940312
2648.724861854256858606452
2649.388677525390375677663
2650.085135458068855740468
2651.378056654613856579718
2652.194723751055423832614
2653.359488684360837140676
2654.170212486783061223096
2654.898135149363016438374
2655.595135242658928831306
2656.552662992678532560776
2657.304900535878176270844
2658.340960157588362022752
2659.128258246532906383608
2659.519699533842160832309
2661.534752463201848371399
2661.939541012979993439502
2662.88074468058406196741
2663.496235762733126506363
2664.756247208699873141257
2665.288962849743955274505
2666.315666432765767268563
2666.717891679624424483507
2667.874059956909272983637
2668.670822545932326619265
2669.9314436465890814531
2670.781893470896290665393
2671.699944385337236241127
2672.487393208519953446909
2673.386066978509042968368
2674.228623577098672825456
2675.013821142217152981799
2675.505677453164431511764
2676.708714258905354910153
2677.60280022759515148317
2678.47142715164809700917
2679.355601392913039404616
2680.93099470890329811817
2681.226301571939838908005
2681.970732067348524907342
2683.135454872657238212181
2683.476388082149208713585
2684.823444976050343058144
2685.570920588223280134283
2685.898021703193301590257
2687.240591387973459092048
2688.502435059799990568702
2689.148801623036617769396
2690.354044818015231754709
2690.773266234240497141111
2691.65432509356689010354
2692.633518400204739151542
2693.61633842509084857391
2694.064917095894858078901
2694.831337039202308147816
2696.015762461051570397722
2697.136440095621797041695
2698.340418209326308129839
2698.444720179435964979512
2699.81521696203401958769
2700.903768056258446250694
2701.201069842458694125753
2701.960907067214085230943
2703.078599502519457331572
2703.837175187235948925489
2704.745496593043393573906
2705.586680118407718254046
2706.95046167568787822688
2707.580223825916620938868
2708.684498816903155926637
2709.294069706514688533614
2710.207406123331094960347
2710.781022953330099056754
2711.851295229780205175982
2712.726310617195508001484
2713.430922721410087916635
2714.227821861392347813077
2715.534420294051015076772
2716.927095553985029852125
2717.116970684329923102492
2717.870100484756597580823
2718.96912006118424116607
2720.090234962074840296959
2720.402918870608724688505
2721.306650456665030191057
2722.171635371127430147448
2723.139073303286082960989
2724.26697616921861637706
2725.480949514675356937227
2725.719490797293540396134
2727.156618390815794583653
2727.655622712741622848392
2728.486620930076133362257
2729.536333968890405543555
2730.047970797362493300391
2730.775742364902333036973
2732.183326393242928276088
2732.792795800692665153512
2733.808677592898958863536
2734.967101630696648584255
2735.803923414529533175702
2736.601409480490942627276
2737.13826799990947122864
2738.019831943506111571188
2739.135566802337856273644
2739.780784838970516403825
2740.623097940578008291359
2741.30085010584800144783
2743.038255900389454922097
2743.433822790415472780969
2744.525251279977913299026
2745.361722109473553388161
2745.891040223742368908678
2747.084027800107239869466
2747.624136938698480747679
2748.751602703984283238004
2749.193941021959971493505
2750.063964419547142625777
2751.725230665983954025922
2752.254608441166754317908
2753.156465988165394520581
2753.994304135500406260905
2754.970644036894507422619
2755.850833286788313358772
2756.46074485818603321262
2757.012191885678357294852
2758.251135925147357141883
2759.209904453303428084597
2759.730104820741328097698
2761.210654313127357539757
2761.984476782536844297042
2762.820065957612303719757
2763.729055058598166993975
2764.467252344665971719437
2765.130749853873661692191
2766.037918039524422653116
2767.14471552194703534154
2767.540323027273120004551
2768.743062329117808673103
2769.554511706238221080397
2771.077529502967872332404
2771.581908619270368632199
2772.414108761201077157905
2772.870943598564885945719
2774.368947918618307113531
2774.827521344737292707789
2775.583360098698970119796
2776.408091638317829819
2777.265530081879975199383
2778.64670800835538884142
2779.448886606583426583921
2780.243917055233016100129
2781.250541412331126167583
2781.927798571638535207722
2782.881328856118164338778
2783.629168067776051742594
2784.286297499393979393272
2785.321633939390090262104
2785.906574465716800403907
2787.345416238635679206918
2788.051282268513518403078
2788.936689553451277134836
2790.11122906728136499053
2790.82745943616008972297
2791.645794791635183429415
2791.990279794083279085706
2793.315807226010993957723
2794.038744759460572453216
2794.881305406638744415184
2795.564864460537685175702
2796.75998117205991562171
2798.149015742165295961265
2798.660456038086031327318
2799.209810496882655428387
2800.63426250201902476531
2800.887213020713041800015
2801.894373288586196935035
2802.884894980809544762202
2803.641365117611450585833
2804.094493550929119152193
2805.585301014739348346416
2806.713840000339167346488
2807.378381537258076860985
2808.061266379672995441274
2809.104356444190776898017
2809.954763459218774102032
2810.838402397010943190002
2811.351238316497988733976
2812.018481711872811246143
2813.574516452233827834537
2813.88453339700222315398
2815.172629582933965508549
2816.146566460062937409223
2817.068567682324916034961
2817.83628289810904945509
2818.586975871910480151402
2819.414578440230241795891
2820.161417325964080049491
2821.078708829628190102286
2821.897165243857818239777
2822.808831144178900984772
2823.658453081927122951784
2824.972737548402155738332
2825.807347322627428098913
2826.621444268646671815732
2827.293722420433226005771
2827.917514499185848109137
2829.196540160423450771504
2830.016356266382566531065
2830.371786514483174101969
2831.247502011829151768979
2832.637322665793498543934
2833.59911456625050405475
2834.432989047983615904485
2835.254847610371221122676
2836.001020959341925475854
2837.186872330371446793122
2837.552956229046278480125
2838.547727795912160075857
2839.244445818964818073452
2840.2383867641029176809
2840.966488148500523180898
2842.469656719940913092129
2843.031792413952199183283
2843.787030932204187649828
2845.239042440841610925841
2845.657799574356955929457
2846.168091874501568838665
2847.390844999399739378955
2847.853902820221732383712
2849.340714032141708855729
2849.50670908274543222657
2850.599258684059559243419
2852.002885863583979642012
2852.887283564946623926029
2853.511314943945761513045
2854.257138464091251250887
2855.191967539167207235063
2856.108729366472049093739
2856.699358221418781056367
2857.701591926460308457047
2858.435734094783641978632
2859.212019394370760494405
2860.711725777360705080775
2861.474571031843321122744
2862.423298691516667702183
2862.758815470969766181462
2864.054007507361718864978
2864.871255542148769279685
2865.490661164612411937434
2866.232178146986215949674
2867.047208090399614377439
2868.141240332658072986724
2869.512870416095283587729
2869.623660311849666015824
2871.165087166170481225399
2872.041098578553065578908
2872.416555208202173332629
2873.586887002938313173635
2874.11089948548806063396
2875.108787909893364087528
2875.797614396842188000354
2876.953448490040038620881
2877.465965773329567411982
2878.883331244451780150901
2879.696123611980813450335
2880.628177658149162709795
2881.525648831100043878412
2881.983640095916005918714
2882.785786549717043669677
2884.03700461412485509523
2884.781188032622644357122
2885.1545531598174093801
2886.149515333814322559607
2887.712373671875788261292
2888.33413789856143552011
2889.350753949530555075813
2889.870802643167176881848
2890.934399311612192207081
2892.029005135120654301732
2892.204566052817999377526
2893.349473956442467681386
2894.089047520378296951507
2894.926054713907542748033
2896.055902039586253238171
2897.172638124040658169591
2897.890057944698200742508
2898.704282881889297129831
2899.698383633188116448267
2900.583421260949334907721
2901.232014251679994742929
2901.630309454789532708176
2903.120763050946685268584
2903.63406725884932058075
2904.580844600786032572116
2905.507402984241279852951
2906.814027868667808718284
2907.620963406769025993937
2908.279959258704558067121
2909.023841845886950352407
2909.826475037496926745417
2910.9574072464761812284
2911.568136408236772183455
2912.125541848912435227658
2913.476078219871421026664
2913.952842448990564605492
2915.573545668379402684377
2916.319454445225646566041
2916.797086595113968598934
2917.803716782769795656758
2918.677868683166737184773
2919.510486422611241152889
2920.360059144136873499018
2920.911757620298890003549
2921.703848215752192629632
2923.063984547240086442296
2924.10660074614336991767
2924.558103304623070073328
2925.801954072808790385759
2926.680827379816962263655
2927.383495488425513997251
2927.966637235485323742475
2929.066569788049507394541
2929.604331293227302523925
2930.752454149116296377948
2931.359843841389805163495
2932.492464923633976070456
2933.59252059426834335904
2934.342539363039931288263
2935.53311707053509707061
2935.858371704022543724427
2936.86742102430246603712
2937.47761106348308288711
2938.584122578424567961924
2939.444596790184941426054
2940.009153625699936185305
2940.78673019579463385748
2942.521000422670307727861
2943.175525444207319480886
2943.682342761778393480602
2944.729277020477725557105
2945.646070981398951005251
2946.304022698182824058169
2947.333451393974134191414
2947.807506282097561722769
2948.650483317204081856691
2949.838895189328171397794
2950.634911823776927519649
2951.9821047491984344901
2952.434071160078657669547
2953.465810857224600738337
2954.163048187074328154668
2955.386659771280055508614
2955.757712508551007601855
2956.31074201066607116667
2957.635739070986888066218
2958.413981924934215328394
2959.185518900908927264426
2960.344171085843460389187
2961.243655166458582073064
2962.419546549465259488387
2962.972111801812404507872
2963.408635192418314829809
2964.576554194638073624845
2965.523692859347890760035
2966.056826185019444608259
2967.032946173981751769532
2967.694436855182458145862
2969.047718020746152944809
2969.948280238673147834958
2970.907774537897178390664
2971.67373673878482094318
2972.182224016682475564663
2973.287929889181448572741
2974.218846250608312686778
2974.73310940482100903631
2975.76681107194732902593
2976.138742555908559950181
2977.786352859547584159768
2978.526831322789932698865
2979.587870187063968785364
2979.94502546358841215118
2981.492024662992413652714
2981.890243765258300356831
2982.598082036281509488103
2983.358702129372964861826
2984.56055990866498888175
2985.020139554505546186586
2986.052130070018715457475
2987.211918933442684931318
2987.961675677322021726862
2989.218617314526618144948
2989.700312202120225890605
2990.615282705567231857851
2991.390288991041806809728
2992.119402388318560781437
2992.933551925332183429811
2994.148669163716449759187
2994.541072232236989236691
2995.35989935023075219072
2997.024920788488235245887
2997.801072305259346251142
2998.25042619748073065005
