- L: 16
  n_sites: 4096
  unc:
    mean_tail: 0.01984884451354957
    median_tail: 0.019848844513549572
    p05_tail: 0.019848844513549523
    p95_tail: 0.019848844513549617
  con:
    mean_tail: 0.01984884451354957
    median_tail: 0.019848844513549572
    p05_tail: 0.019848844513549523
    p95_tail: 0.019848844513549617
  constraint_hits: 0
- L: 24
  n_sites: 13824
  unc:
    mean_tail: 0.035500099391903
    median_tail: 0.035500099391903
    p05_tail: 0.03550009939190298
    p95_tail: 0.03550009939190301
  con:
    mean_tail: 0.035500099391903
    median_tail: 0.035500099391903
    p05_tail: 0.03550009939190298
    p95_tail: 0.03550009939190301
  constraint_hits: 0
