m=1 o=4 n=3 exps=[0, 1, 3]  s=+1 k=3 : hits=5/6 {"mu_abs": [2.5457, 0.1014, 3.8754], "cond_t": 65.18566960959181, "resid": 6.056751679185112e-13}
m=1 o=4 n=3 exps=[0, 1, 3]  s=-1 k=3 : hits=0/6 
