m=4 o=6 n=3 exps=[0, 1, 5] s=+1 k=1 rng=1 : hits=11/15 {'mu_abs': [1.1786, 1.0, 0.8485], 'cond_t': 11.046205972879047, 'resid': 1.400789996982683e-13}
m=1 o=6 n=6 exps=[0, 0, 1, 2, 4, 5] s=+1 k=4 rng=1 : hits=2/8 {'mu_abs': [1.8126, 1.755, 0.5486, 0.6007, 1.2168, 0.7839], 'cond_t': 15.5797757847845, 'resid': 7.553172887309252e-14}
DONE
